4081 2609
3282 3821
2546 3950
3324 3867
1426 2207
1230 2198
2640 3618
3559 3953
1426 3923
1109 3105
2341 3295
2453 3272
1893 2758
3824 3843
1869 2829
4020 4058
570 2951
25 3297
952 1359
944 1439
1863 3728
716 1769
2031 3395
1074 2056
975 2373
544 2345
2331 3812
3747 4022
3559 3564
762 2715
2748 3894
2332 4064
188 2914
2213 3258
2512 2816
4063 4078
707 2888
2770 3095
2759 2784
2857 2992
2028 2481
905 1842
166 1799
2028 2074
812 1766
4015 4017
791 3779
2934 3444
136 1977
3935 3955
2734 3645
2711 2975
863 4062
1905 2906
1503 2741
2048 2921
585 2585
1437 3907
3074 3311
3082 3847
3948 4014
1037 1980
3981 4076
3187 3951
2986 3183
1025 2530
1605 1803
2017 2084
662 1452
3855 3953
1817 3870
1181 3627
1273 4054
1967 2480
3816 3832
3725 4031
1762 2254
3392 3471
2874 3006
589 4029
3303 3386
978 3795
224 3857
1441 2796
377 2509
975 2265
3381 3791
2783 2866
2037 4021
2893 3541
1533 2544
3355 4019
3537 4032
775 3540
2389 2990
1396 3189
993 3258
3473 3841
1850 3544
3034 3977
1358 1762
37 1740
3227 4016
69 2797
366 3277
4069 4073
3975 4073
860 2148
2774 3291
3119 3832
2868 3635
3879 4041
925 956
121 1898
3210 3836
3171 3228
1696 2837
4027 4081
1545 3014
1510 3051
3887 4048
1745 2404
1463 3129
2803 3516
3419 3802
2121 2926
1558 1562
2169 2275
1633 3299
2748 2953
180 692
4048 4075
77 756
510 1540
1053 1403
481 4049
1939 3943
285 3283
712 735
3273 3911
1644 2564
2908 3545
3384 3762
115 3986
3021 3509
526 3181
528 702
1285 2798
1921 3908
1021 4011
48 387
1028 3340
1658 4069
488 3749
1834 3520
2542 3303
3060 3662
1821 2621
3896 3926
177 619
782 2320
3931 4001
3956 3991
3199 3757
1186 3019
1115 2272
3524 3873
1695 2441
2939 3930
3873 4031
2545 4044
620 2894
2039 3514
663 3746
4070 4081
2701 3966
349 645
380 3616
1607 1620
2040 3396
2745 2766
2548 3131
158 3061
1571 3725
3984 4009
2813 2932
1656 2499
2949 3660
2541 3340
3802 3817
982 3316
2779 4080
1120 1732
3603 4009
3534 3566
194 1842
351 2024
1853 2670
849 3109
1691 2701
1685 3505
2350 3282
2259 3562
216 1089
1062 3123
3392 3928
3835 4073
1182 2270
814 3758
3943 4050
171 329
1492 2354
3944 3972
2224 2381
3516 3819
1762 3549
932 2479
3588 3966
2980 3171
2181 2288
3383 3503
2830 3742
3602 3609
701 3884
660 3166
2665 2997
3093 3656
94 3890
3818 3820
3175 3817
233 827
2101 2137
1109 1263
700 799
1912 1969
2213 3303
2120 2251
45 2089
877 3771
1266 3341
2745 4067
2871 3352
1379 1949
3786 4053
418 575
3068 3288
1570 2441
2242 3843
3598 3777
3194 3848
3460 3814
592 901
245 3911
733 3743
1099 1605
2396 3469
1846 2136
3702 3870
773 1306
1189 2140
3334 3885
1576 2236
3737 3991
1273 1310
3429 3949
810 2903
1152 2749
1515 1977
2326 2738
1240 3882
190 2384
2634 2873
472 1810
3535 3965
2498 3232
3519 4044
1454 2872
635 716
3501 3960
1532 3913
3930 4039
3727 4072
836 2496
2611 2894
1639 3422
1635 2395
2241 3887
3789 3833
103 2024
3361 3654
3237 4069
5 2972
1938 3761
2979 3517
305 1736
2143 2222
3302 4053
3674 3734
3788 3953
2219 2601
1880 3659
678 2897
3917 4074
2323 2649
2307 3183
2537 2783
2009 2499
1922 3586
1409 3270
2191 2744
1074 2577
4032 4075
2977 3754
3983 4049
1469 3952
693 2114
626 3973
3108 3756
1854 2189
1417 3471
265 3975
194 218
2338 3662
3146 3436
3096 3142
980 1756
2459 3304
3245 3786
3215 3970
3821 4028
356 454
556 1446
1412 1512
2916 3047
2650 2918
104 3317
23 1065
1034 3550
1578 2320
4047 4077
2774 2930
1905 2932
4075 4077
3127 4066
3319 3823
3669 3951
665 3247
2027 3778
466 1242
339 2888
354 1956
3022 3385
2258 3720
506 3101
3411 3859
1677 2117
222 1687
1068 3075
2345 2726
1411 2377
2903 3330
3344 3412
3917 3988
257 1868
2753 3676
1736 3352
2816 3700
1844 2213
2607 3715
3038 4067
3496 3601
1389 2748
716 1855
2567 3624
3315 3492
1134 2565
2157 2251
3814 3864
354 3143
3954 4061
939 4071
1408 3023
1624 3059
1694 1896
1046 1343
268 1086
1719 3351
3093 3727
569 2092
3132 3306
3002 3125
921 2364
16 3454
1077 2952
975 3348
2718 3525
2200 2626
3931 4014
321 3055
1062 3403
841 3883
1453 1755
2936 3455
1384 3479
3104 3738
2835 3439
350 2184
3073 3771
542 896
1331 3274
3625 3695
2348 2859
851 2385
1281 3044
1024 1232
905 1111
3307 3515
1595 3969
2091 2295
2577 3786
3585 3928
1033 3346
771 1986
766 3151
1721 3509
1004 2546
343 2273
254 952
4062 4067
2824 3315
3734 3963
2940 3121
3451 3834
1254 3097
1418 3006
374 2698
2026 2083
2352 3067
658 1692
2338 3498
3372 4028
2159 3412
2131 3720
830 3929
3075 3865
1027 1342
2817 3256
2598 3323
3690 3847
3538 3785
241 3774
1541 3141
2120 3387
837 1473
2575 3575
432 1909
1010 2863
1713 2077
1744 2082
2464 3871
2563 2729
497 1497
2697 3249
1182 2995
735 2174
2121 2149
2159 3214
2163 3140
1283 2967
737 1872
3598 3806
1479 3286
487 2917
2519 3171
865 3262
3585 3885
3793 3872
1041 3230
2562 2614
2890 3866
2581 3901
2939 3840
1896 3586
1431 3220
286 3444
579 756
955 1935
421 1322
2206 2980
1291 2594
608 2992
2199 2354
284 3749
675 2361
746 2422
1331 1747
1440 3828
123 2039
3616 4081
1934 3677
3501 3935
116 979
3819 4066
2947 3607
1056 1778
2612 3955
3578 3991
3288 3763
2885 3276
658 1194
1032 1332
1172 1520
2535 2590
2592 3968
1183 3919
3347 4005
1232 1349
3518 3585
3940 4045
1 504
3141 3907
3064 3324
4029 4061
2600 3179
2113 3199
2203 3428
1078 3625
4045 4059
3479 3777
1685 2927
3354 3960
1486 2727
789 1020
3510 3856
3256 3700
2439 3730
1911 2277
2389 3008
105 1064
3519 3618
2227 2709
826 1411
3760 3780
1450 3328
3156 3873
1319 3737
1926 2544
468 1291
381 1410
731 1886
2479 2860
1176 3140
2614 2846
1117 3482
2608 2860
910 2004
455 1284
3559 3599
415 628
158 2302
3821 4038
752 1451
2512 3888
588 3673
1006 2478
2331 3299
2745 3786
3407 3522
3126 3954
2388 2996
464 1257
2458 2563
4044 4080
2178 3099
1933 3692
3957 3981
2362 2556
1712 2832
1519 3618
2437 2805
3809 4015
1417 1513
3620 3743
2620 2855
544 3604
752 3412
3807 3916
1151 3356
3240 3529
63 2815
3327 3388
1223 2205
794 1865
1702 3848
247 3531
1960 2779
2232 2727
2321 2386
337 1199
619 1645
2921 3642
1414 3327
1500 2251
2603 2906
3576 3902
1825 4021
3979 4079
1561 4073
2857 3483
351 2560
1092 3908
3048 3950
1063 3167
1393 2334
1585 2486
3023 3787
944 3542
3404 3565
1741 3478
595 2454
1116 2300
1631 3032
1118 1990
2117 3958
1770 2025
842 3263
3085 3931
381 517
580 663
1263 2296
1342 2522
1125 1741
1445 3811
44 3183
2000 2117
3701 4067
2232 2322
341 906
429 2648
2188 3058
467 4036
3848 4070
3428 3989
3892 4029
3441 3946
3026 3959
1165 1831
1411 3348
1610 3154
2488 2987
3264 3829
1253 2390
2095 3452
2009 2017
1297 3524
2961 3604
1569 3802
1639 1848
2699 3764
1221 3173
1938 3207
325 740
3784 3905
3662 3874
3268 3801
2809 3726
3711 3805
471 893
2974 3044
3646 3756
2553 3898
3538 4066
1741 2716
2725 3168
3496 3557
502 1172
2159 2899
3740 3922
3071 4022
1016 1699
3147 3630
2595 2780
647 4055
3678 3795
2838 3739
1596 1737
1374 1675
1004 3919
779 2531
1155 2719
939 1808
154 1680
1576 3026
1210 3896
1923 2853
1375 3532
2006 2531
380 1058
238 2416
3910 4000
1196 3100
733 2955
2039 3010
2383 4047
2603 3292
3674 3900
2145 2629
1054 1528
192 2875
1551 2502
998 2636
592 2941
1464 3797
167 3650
1354 2971
3217 3541
1753 3599
1271 2720
3039 3624
620 3477
678 1897
1096 3879
3693 3736
1734 3080
3481 3592
349 3003
1537 3860
2134 3770
1044 1972
3851 3926
3024 4020
1127 1720
1664 2593
1740 3370
2217 2825
2429 3973
213 3789
1920 2607
3858 3879
2295 2358
1683 2060
709 3747
2379 3423
3973 4042
2419 3535
1020 2874
2387 3311
909 1126
3756 4034
3975 4009
2767 3397
785 1007
1649 2867
3198 3665
3495 3943
638 1556
3697 4036
1521 2660
290 723
3115 3866
1939 2809
2695 3257
2134 2585
3647 3738
3791 3956
2895 3373
716 1474
563 2207
925 3032
2648 3113
821 3371
3454 4012
66 3155
3377 3450
3243 4022
2737 3157
3689 4080
615 3753
580 934
1015 1357
2181 4068
1210 3570
2528 2996
3792 4023
3799 4039
1494 2210
2978 3696
4076 4081
3345 3664
3383 3786
658 3565
757 3703
1304 3641
810 1085
2242 2677
2405 3430
406 2182
1325 1649
2295 2974
3932 3986
75 163
2838 3828
3127 3158
1080 3192
1547 3939
4074 4079
1275 3013
1123 3920
3776 3855
1385 3252
2060 3543
2299 2469
624 2452
180 254
288 3317
1164 2540
2742 3750
2207 3136
1250 3619
278 874
935 1235
1461 2992
2518 2907
3003 4059
1126 3621
3589 3750
1588 2272
757 1520
2403 3031
3842 4008
280 1740
1454 2358
2588 3751
4009 4035
3857 4044
2588 3156
1202 3710
3611 3959
1740 3972
3417 3943
2590 2608
3413 3705
1456 3446
1908 2417
3598 3809
3507 3863
2932 3212
137 1038
3672 3907
868 3183
783 3547
2655 3721
1039 3886
1320 1476
1879 3012
1586 3923
5 2796
482 1546
975 3900
2833 3332
3740 3913
1082 1180
1637 3485
724 3236
3036 3585
1875 1934
3844 3871
94 2054
2066 2869
2092 2635
1062 3923
25 3814
3964 4077
3295 3415
845 2832
129 243
1045 2033
890 3926
1382 1559
3912 3970
3013 3064
1973 1990
3948 4064
1070 1314
2463 2824
1142 3531
997 1553
1783 3289
2322 3872
2222 3232
3841 4044
323 3650
1233 2977
3254 3270
833 2236
3720 3833
1908 3970
1165 3655
3084 3636
403 3974
2092 2985
210 921
3439 3665
1062 2502
697 2261
1716 2232
1633 2686
3251 3697
3382 3878
125 2337
1084 2378
683 1540
2994 3248
2684 3668
770 2199
1286 1626
3809 4005
4031 4048
3731 3892
1166 2208
810 4017
2840 3177
815 1198
1095 1756
523 2751
2188 3266
3253 3293
1908 2131
2704 3217
1994 2569
1984 2827
1469 2022
3515 3929
3309 3645
2417 3178
1783 2796
975 1671
3013 3102
1188 3145
447 634
884 3918
1329 3684
426 842
2881 3417
3894 3924
889 2433
2659 3357
1654 3854
1293 1358
1989 4047
1592 3233
3678 3746
202 1119
3937 3959
4074 4076
3721 3766
3446 3948
2812 3851
2163 3488
2614 3638
2180 3971
4062 4077
4078 4079
246 1799
510 897
3350 3425
1583 3678
2060 4062
689 3654
2667 4007
3648 3779
1104 1792
3263 4026
411 3004
375 563
1138 2359
2364 3661
3900 3902
2265 3543
3756 3808
964 2359
2994 3959
2513 2759
3939 4078
3442 3465
992 3131
3377 3981
775 2184
855 1650
3383 3527
2486 3399
2040 3134
3088 3343
2298 3593
1761 3155
1670 2474
2941 4078
3585 3830
2433 2938
1593 3642
159 679
888 3725
3629 3717
2779 3318
2405 3340
514 3401
687 3516
4060 4067
3857 4002
1589 3445
3749 3971
1367 1789
2706 3131
76 3912
3276 3618
2914 3500
2272 3798
115 4069
3304 3545
3124 3440
2226 3878
2591 3220
1483 2062
1132 3351
1269 3448
1909 3325
1873 3079
395 1023
623 3455
547 2299
2398 2896
2218 2903
3517 3991
2637 3222
2438 2694
3323 3446
1214 1296
3174 3998
1070 3349
532 664
715 3526
2378 3207
1555 3002
2960 3400
804 2364
3742 4048
551 645
1706 1771
2737 3533
3402 3618
936 3439
1936 2341
1460 3673
1749 2788
3098 3875
965 2708
2253 2640
3294 3727
549 4042
567 1752
1874 2666
2621 3973
969 3619
1832 3919
917 1498
2009 3153
2188 3061
3645 4022
2596 3840
3859 3887
933 3489
2454 3617
3761 3862
3919 3962
2389 3630
3733 3949
2690 2984
435 1680
962 2249
389 2493
3150 4041
281 1201
2256 3929
1597 2217
3201 3720
723 1932
1639 2382
4031 4074
4067 4081
2795 3426
3529 3725
3783 3857
1982 2880
1567 3315
655 1052
2686 3020
2786 4031
3204 3228
1465 2262
1059 2695
682 2546
2042 2773
2890 3479
1703 3976
2378 3388
3026 3349
1242 4058
1639 1856
918 1665
391 703
1226 1473
4006 4072
2103 3054
2704 3673
2477 2749
153 3905
3212 3371
1958 3763
1130 1173
1300 2417
993 1496
3908 4057
3650 3811
2489 3909
1808 3796
1949 2739
619 2305
3036 3482
1848 3989
2766 2992
3019 3646
3575 3921
1849 1861
1345 1982
1447 4063
4033 4076
2789 2937
1882 2001
771 3216
6 12
2248 2297
3453 3911
3662 3725
710 3247
149 3356
2307 3300
3586 3730
3573 3910
2621 3800
2027 2413
3531 3585
2380 3560
3262 3493
1025 3333
1314 2428
3720 3900
827 1518
3184 3961
2420 3396
2079 2152
3145 3825
3114 3883
3775 4025
4000 4040
2297 2762
3364 3799
664 2669
2167 2770
41 2475
1131 2780
2855 3283
493 3499
1440 3815
4077 4078
397 2165
2181 3368
3631 4027
309 3642
3025 3180
2191 3865
3430 3657
79 195
3496 3498
577 3032
3186 3541
3785 3819
2444 2832
3627 3897
1555 2874
585 997
3446 3590
3270 3885
2262 2653
524 1329
512 2179
2350 3431
2266 2590
2179 2607
34 2541
3570 3629
3181 3413
1730 2528
2044 2881
866 3522
1455 3964
2586 3496
226 2842
1080 1673
2457 4071
2975 3851
1308 2596
887 1449
3906 4035
2705 3105
2567 2757
3890 4000
1670 1808
2944 3058
2873 3920
1567 1664
2106 3752
529 2668
2298 3881
3915 4013
2636 3153
3767 3891
1825 2556
3945 4025
4068 4075
1833 3565
2869 2943
467 1451
3768 3948
1498 2042
2178 3375
1585 3909
2461 3277
3427 3769
1200 1560
265 2254
3562 4065
2429 3683
1425 3128
2063 2621
350 745
3353 3965
1502 2788
2727 2773
2231 3316
1011 4061
1709 3167
1646 3368
1702 3303
3870 3877
3495 3929
2490 3870
3665 3703
2215 3762
3658 3970
1760 1894
3101 3562
2548 2905
3008 3681
1660 3166
315 2427
797 3330
3802 4011
2579 3203
4033 4071
4013 4067
2986 3369
2982 3549
67 1183
1520 3923
1561 3584
3077 3805
346 1324
3838 3876
1385 1875
538 1655
1639 2820
3695 4014
2701 3079
3626 3900
165 1964
2559 3727
1072 3984
1730 2840
4028 4046
902 3458
3216 3892
3639 4077
297 1439
4013 4017
2103 2921
662 1518
3001 3693
1753 3185
1844 3121
2535 3465
751 3922
2502 3865
1253 2373
2292 3691
2829 2913
3965 4073
1658 2685
1807 2160
1984 2805
3442 3806
3449 3716
1695 3475
724 2350
3268 3335
2916 3055
3628 3847
530 4068
764 2935
2725 3797
3392 4004
340 3029
19 1605
1646 3841
1907 3324
733 3217
1091 1683
3606 3923
3525 3774
1643 3859
2815 2905
2567 3292
1330 2661
1264 1770
1715 3117
3396 3641
1039 1916
3521 4007
2271 2626
2297 3925
978 2304
935 2139
3062 3452
128 3366
1507 1675
2536 2724
3998 4054
2663 3894
1432 1816
1559 2678
3285 3614
683 2610
1076 2594
2693 3104
2172 3640
3282 3311
172 727
1126 3678
2739 3576
2112 2502
277 1849
1540 3586
2056 3333
1509 2036
3860 3915
1106 2548
134 3836
1001 3604
698 2917
3649 4022
2552 2880
2566 3917
2396 2513
3838 3991
1958 3708
3905 3962
1266 3438
491 2139
1450 3815
1905 3144
3617 3867
2241 2296
852 3228
2001 3931
2804 3132
2152 3976
2126 2256
2982 3898
1486 3957
85 380
2392 3639
1200 4076
2859 3118
608 3955
2480 2642
1997 2320
1654 2542
3620 3669
2535 3813
1069 2988
1639 2977
1564 1855
1946 2416
3912 3917
3442 3464
2482 3457
530 3097
2286 3207
3764 3889
4059 4077
2259 2368
159 3706
1534 3028
1433 3739
686 3767
1448 3573
2319 3251
1076 2312
2945 3445
2583 3037
3952 4058
3525 3741
1804 3937
1639 3699
808 3852
1525 4066
2212 3351
1729 1854
947 4056
129 2032
199 2497
516 2278
1481 2002
844 2062
1952 3956
3263 3476
932 2765
3298 3763
1230 2205
329 3129
4021 4028
3758 3951
2882 4001
1696 3320
2492 3831
1802 3023
2179 3976
462 728
1687 2135
3024 3519
2651 3863
1504 3763
2884 3819
3163 3316
1963 2743
1502 1605
2496 2999
2012 3502
3582 3622
3894 4068
3936 3971
3591 3791
645 3604
608 2775
3710 3777
1840 3456
1794 3102
3576 3912
1288 2482
785 2571
761 1708
3112 3160
2629 3106
1869 4011
2945 3361
3222 3255
1015 3588
1566 3753
3419 3908
1100 1408
36 1797
3963 3978
2214 2707
890 3453
2234 3680
3852 4019
3142 3968
3790 4015
110 1036
1479 1497
22 990
2193 2946
1085 2682
2125 3557
1925 3043
3303 3714
2300 3552
3802 3913
3893 4038
3837 3954
3193 3289
387 3645
1585 2669
2107 2418
3080 3527
2935 2959
2158 3101
2574 3198
103 3802
2016 2688
1413 2923
2490 3446
1144 3154
534 3707
792 1518
3308 3533
1417 2597
554 1736
2908 3114
699 1333
3391 3487
3665 3874
1780 4035
3613 4025
222 3861
1316 2407
2305 3141
430 2339
1460 2670
950 1067
2751 4061
420 3627
3289 3693
2792 3301
1113 1526
931 1605
162 889
2021 2064
3664 3868
1654 2300
3597 3622
2226 2885
102 740
3057 3309
1894 2249
1700 3066
1570 1963
1147 2309
3701 3754
391 3908
1682 2667
2514 3158
1092 1314
456 2579
1564 2507
411 862
1089 4032
2655 3576
2266 3972
1856 3080
1296 3998
687 1481
2464 3389
341 1775
3935 4052
3520 3887
839 2364
3333 3781
3508 3848
2025 2078
3548 3939
1799 4010
2155 3257
858 1878
2086 2258
3800 3919
2309 3416
3954 4080
2258 2702
3865 3908
2215 4017
1542 2527
2990 3679
1379 2017
2758 3701
2761 3239
3289 3566
2308 2520
362 927
705 2787
2550 2731
3596 3949
308 2639
2410 3571
2146 2358
1124 3980
555 1800
3832 3920
3393 3834
2491 3053
2945 4053
1273 3417
3891 4021
2885 3972
1810 3870
3480 3582
60 883
2673 3840
758 3341
940 1719
1000 3084
128 139
3478 3549
239 1671
1733 1996
264 2509
2037 3588
3304 3447
3946 4048
174 1307
1187 1612
1399 3782
1422 2123
1809 3957
550 1218
2186 3913
4059 4068
688 1807
428 2084
3271 3877
288 3376
2115 2983
1591 2299
3176 3338
1077 2091
3899 3943
2412 3453
4030 4042
2936 3529
1501 2475
3250 3624
3119 4056
3385 3773
2102 3108
3322 3851
1317 1871
779 1780
4016 4053
142 3667
1957 2152
2237 2721
424 933
4006 4025
229 1173
97 3031
19 3282
1352 3363
2476 3832
3792 4029
631 1486
293 1905
1200 1901
2158 2309
3410 3508
763 3357
1283 3532
1246 3351
1805 1838
3629 3745
2188 3366
3139 4079
2053 3409
154 693
3847 4003
1832 3992
3723 4027
1521 3506
3105 3401
1235 4070
494 3784
1096 1186
81 3675
1998 3063
1745 3270
3808 3840
3171 3467
4033 4049
1845 3643
3287 4043
2313 2606
4037 4072
250 2415
92 3189
2617 3231
958 3165
1306 1449
1444 3027
2263 3301
2842 3421
2152 3716
3102 3764
721 3883
1572 3637
183 1394
232 2958
1797 2279
3827 3965
3089 3618
2422 2446
766 3928
1132 4076
2913 2997
458 3472
863 3930
2798 3173
360 1065
3059 3101
1159 1681
345 2146
348 1942
1456 1540
277 1741
1202 1531
3007 3927
386 2052
1302 2018
1528 1607
3408 3503
1034 2540
1079 2353
1881 3493
3561 3865
3486 3751
795 3732
3954 4056
3530 3865
2681 3449
2152 3660
1005 1659
3809 3905
51 3063
496 2190
1469 1731
775 3314
1037 1945
3352 3653
615 2979
622 3529
765 1673
1503 4034
623 3753
1108 2231
2013 2144
733 764
2232 3947
330 344
1416 2990
3795 4022
414 3951
2191 3292
1183 4045
1386 3712
2803 3560
4023 4077
2095 3934
3650 3950
3237 3258
3404 3805
3370 3609
2302 2458
1638 2138
1744 3323
771 1964
410 1768
3966 3967
2068 3545
3087 3476
3147 3947
2345 2763
2876 3695
918 1265
2614 3114
1675 2898
2019 4079
539 2913
150 3912
2809 3214
1578 3156
1822 2262
267 1820
1542 3355
266 372
3360 3455
1195 2119
2748 3563
362 2841
2846 4050
1441 2873
3815 4027
3110 3418
2564 2937
1650 2391
1712 1887
1243 3765
992 2353
3010 3814
3750 4041
3149 3408
1055 1419
1538 3263
753 2014
3559 4039
2104 3090
31 168
1495 2131
3303 3930
1883 2737
1518 1704
768 2651
1039 2843
899 4060
2642 3481
58 2844
2137 3962
917 3053
2334 3795
2702 3373
3329 4002
1889 2904
1970 2202
1922 2854
2961 3334
1413 3158
1580 3070
436 728
2642 3888
3283 3887
2701 3566
456 493
1472 1796
3388 3653
2692 2747
2273 2661
484 2514
473 3573
2130 2513
557 1160
1673 3995
3063 3282
3581 3834
435 2474
1125 2666
749 2641
2671 3431
3472 3707
997 3835
4055 4076
714 2656
3545 3912
3581 3888
3786 3814
3601 3669
4050 4071
3691 3740
569 1167
3633 3917
3378 3944
3557 4007
2225 2969
2358 2462
3080 3946
187 2046
464 3063
576 3195
131 186
2520 3193
2479 2881
3933 3989
122 2084
963 3544
2686 3662
3599 3969
2442 3756
252 2709
2058 2409
2109 2487
111 3861
3849 4045
2134 2989
2959 3198
3091 3954
2191 3008
3783 3861
264 3779
3198 3692
3648 3726
2627 3206
1177 1702
1196 4074
2103 2246
3266 3316
1509 4009
1715 3406
2182 2768
2051 3104
348 3027
1238 2009
1600 2166
939 2328
292 2530
1281 2850
1087 2767
14 1990
1344 2115
3276 3526
1546 2664
2420 3846
3928 4017
1484 2955
3130 3220
471 590
2820 3376
3934 4008
497 599
1345 3282
2294 2628
3571 3610
1942 3690
945 1046
2569 2800
1779 2455
2056 2545
1760 2654
3361 3472
3295 3615
2711 3711
2648 2915
1003 1482
664 1945
3944 4048
2268 2798
3610 3850
891 1936
2288 3756
747 4078
3712 3998
758 2539
22 66
477 1430
3809 3887
1705 3102
3125 3737
1036 2618
2979 3438
211 3816
29 331
990 3377
3704 4006
278 3000
281 1694
221 2086
797 2319
2478 2618
170 516
1092 2529
1876 3501
2383 3487
3806 4009
627 3350
2666 3369
412 2925
4038 4065
3485 3747
816 3831
1582 2969
695 2244
1354 1357
2380 3563
2515 3395
179 1668
2103 3784
3292 3487
2801 3945
1006 3729
2488 3565
1903 2719
3660 4036
1976 3410
2506 3434
2030 3588
3418 3445
349 881
3170 3464
2809 2813
998 1271
976 1670
246 957
2504 3587
1370 1788
2583 3588
1255 1923
1061 4080
1705 3434
282 1563
2727 3649
2692 3593
678 1851
3283 3564
3304 3600
744 3980
178 4066
120 492
3030 3946
4074 4075
2357 2420
998 2980
2385 3130
1330 4054
4019 4030
2492 4048
809 3998
2548 2652
1780 2170
1592 2665
3929 4002
168 2106
1919 4059
3789 4037
138 1664
1241 3277
3843 3961
2365 4077
119 648
1188 1949
3744 3985
3833 4036
223 3183
272 3312
3370 3553
804 3504
898 3671
3409 3700
2679 3357
3499 3612
2372 4025
1866 4030
3925 4000
291 2627
1890 2181
1692 3809
1913 2842
2415 2891
2967 3133
5 2555
2642 3662
1397 3954
1864 2492
3471 3966
1811 1904
1023 2714
1085 3453
1834 2669
1315 3214
1797 3344
3445 3454
2311 2358
2966 3321
919 3831
237 3634
1067 2540
662 3388
550 2948
2685 3326
137 2391
3027 3193
103 2619
11 2121
3597 3711
2085 2496
3334 3924
1163 2529
3247 3706
757 3509
615 2942
428 543
1680 2454
2037 2916
2414 2860
3419 3709
319 2300
674 1585
3088 3284
509 2126
612 1226
3494 3679
1501 1817
1235 1931
670 2423
66 1776
1282 1872
1659 3545
2940 3620
754 1109
2673 4069
1159 4025
3495 3685
2145 3810
2594 2676
3823 3970
3341 3906
2582 2861
949 3683
311 3536
1753 3013
326 3534
2321 3457
433 1414
2906 3149
1397 2338
2671 3786
552 3925
1590 3810
61 188
2835 3755
2454 3843
845 2692
2100 2697
1893 3203
3188 3411
1551 2130
1475 3497
1308 2050
361 3954
90 3154
1569 3443
3132 3885
3430 3459
2885 3718
2871 3768
2209 3031
1071 1964
1465 2798
3957 4053
42 3110
1247 1624
140 2426
1097 1449
106 1929
1187 1848
151 3361
2797 3150
1002 3729
1144 1697
112 2590
4027 4058
2289 3198
653 2577
111 3132
3577 3693
3848 3870
781 1526
1967 3712
2839 3311
283 4077
135 2813
692 2349
1352 1357
2352 2886
3547 3609
3046 3896
64 1143
2976 3485
2145 2240
811 1535
1516 3598
2511 3021
3741 3976
3661 3757
2280 3931
1172 2547
3388 3677
3978 4014
230 1281
1067 3451
2052 3758
3914 4061
3765 3836
574 3476
431 3378
2122 3150
1812 3848
955 1402
2392 3151
772 1279
252 298
2561 3122
3535 3671
3578 3951
2613 4009
2789 3423
3366 3451
650 1012
3646 3748
2089 3887
879 2535
3637 3742
1782 2436
235 3627
2129 2419
881 1058
461 3818
699 1769
1680 3864
3300 3437
140 1570
644 2109
2941 3847
832 979
1652 2886
71 1021
108 2651
1688 3044
1610 3854
369 2837
384 2995
2639 3145
1514 2843
3585 4070
3529 3566
2197 2647
2632 3669
745 2674
2754 3345
1493 3022
954 2362
3147 3514
509 947
2403 3867
613 3433
1595 2531
1712 3569
227 3916
696 1855
1679 2836
2212 3221
3377 3718
1669 4013
267 1297
3557 3599
3727 3994
1590 2627
2086 2309
1620 3532
3815 3826
2001 2605
3510 3519
909 3284
982 3264
2066 3310
4055 4056
1219 2641
1480 3021
1780 2650
1816 3396
2784 3360
2247 3679
2055 3851
2734 3945
4020 4049
516 2334
3946 3996
723 1648
646 2398
439 1919
669 1831
3779 4065
2400 2682
1838 2224
3442 3526
2154 3619
306 2216
3873 3954
3077 3626
3868 3978
1344 3843
2570 2938
975 3979
3530 3798
1065 3903
924 2201
3877 3958
549 2146
69 3760
1324 3622
112 2691
986 1561
1749 3790
1557 2697
555 1461
1935 2507
829 1245
1331 1409
621 2328
950 3656
1942 3127
41 1562
365 1371
3826 3892
3435 3665
2497 2808
1082 2222
574 3162
2775 3503
219 2194
1643 2912
1639 3094
3730 3978
1012 3114
870 2399
1933 2543
3993 4035
2042 3024
2779 2800
1570 2192
3038 3456
4028 4071
3749 3846
3032 3163
1470 1679
2762 3581
2365 2915
3202 3640
1594 3326
2175 3112
2291 3517
2935 3178
304 750
3997 4078
3886 3986
1804 3492
1348 3182
453 2524
1103 2192
3191 3971
2249 3077
489 3511
704 4021
1988 2750
2659 3036
2036 2942
3388 4077
1535 2215
1083 2482
2240 3565
2178 2619
2019 2342
2746 2862
4 3744
73 3249
1540 2045
1891 2713
1257 3570
899 3307
851 1198
732 2608
2823 3094
4041 4058
1812 3008
555 3628
1683 2672
3933 4060
2934 3913
1150 2261
2533 3727
2744 3929
2168 3850
2223 2475
560 1305
1522 2021
523 2311
2129 4039
4032 4060
2619 3607
153 3152
2942 3781
2151 2984
2465 3242
3200 3717
817 4074
2501 3591
2297 3484
3599 3753
3891 4057
261 1366
1879 3575
1094 2082
2004 2781
153 1194
2091 2609
2179 2842
3560 4077
1351 2828
2158 3033
2995 3132
209 1176
3272 3656
3510 3786
3988 4056
2396 3443
3815 4026
2275 3261
647 782
2317 3432
550 790
1168 1713
2581 3709
2041 3242
1665 3159
2379 2662
3510 3744
2285 2456
1563 2966
3041 3100
2697 3703
297 1697
223 3260
809 3488
2205 3969
1462 3741
2889 3602
108 3760
2052 3473
634 1006
1339 3672
3704 3982
1279 1662
710 873
1221 2647
2395 3953
289 2056
3920 3955
338 1787
2682 2998
3971 4068
3069 3120
2515 3897
2366 3828
2344 3440
3837 3875
806 2003
491 1468
1304 3231
3551 3597
1274 1987
3068 3798
3958 4062
3743 3936
2448 3691
911 3092
604 3423
2965 3845
599 1544
533 3334
229 1523
379 3619
1037 1568
4011 4042
2662 3121
1392 3584
3996 4079
2401 2681
2876 2981
3297 3459
1202 1978
997 1485
1172 3524
1319 4037
1112 1454
324 1630
2869 3416
2712 2894
2480 2926
2093 2770
2260 4029
1020 2882
1980 3213
2054 2511
67 3707
551 3031
1988 3777
191 3081
636 670
2883 3207
3931 4076
2942 4035
184 3234
2665 3407
2340 3389
2420 3536
3869 4054
1030 2289
2089 2755
1959 3688
294 1997
573 760
981 1788
3211 3512
3219 3959
1848 1998
3508 3863
551 2831
3101 3714
2353 3950
1492 1776
833 3840
1490 2684
124 1938
3254 3502
283 1499
2533 3060
3211 3260
652 3736
385 4070
883 3693
3957 3992
3548 3597
714 716
2351 2957
2957 3433
731 1706
3827 3981
2464 3129
4012 4062
883 3475
98 3126
2652 2693
4012 4021
1911 2509
2411 3461
2081 2242
3419 4065
708 3722
1231 1795
2486 3282
2905 3013
1119 2651
2879 3793
185 1159
2757 2832
890 3017
2574 4046
1144 2989
1001 3081
2294 3461
1608 1900
920 2681
3932 3995
1928 2230
2677 3367
1243 2791
2460 2866
2282 2980
3013 3595
798 3210
2830 3536
2640 2969
2282 2916
1581 3142
462 3645
105 3619
581 2418
2318 2977
1202 1291
3412 3494
3813 4078
3846 3852
2092 2505
1263 2205
2864 3567
613 2709
65 1272
1563 2904
415 997
1962 3446
3874 4011
375 520
1309 1846
1785 3771
1642 2563
582 3378
1537 2324
3296 3975
302 2409
1022 3772
3853 3897
2156 2351
2534 3831
2682 2842
1363 2419
3983 4070
33 1083
1070 3881
3218 3765
3056 3621
1917 2499
1293 1491
3644 4043
2688 3477
3148 3996
3691 3989
931 2485
