2779 3000
2631 1569
417 605
2057 1475
1605 2494
1042 834
1177 1577
414 1173
1669 1170
2478 1592
2477 2309
830 2306
665 583
2511 167
2025 638
313 610
224 1735
1352 2468
307 2003
2774 682
189 385
2763 1785
2768 1392
217 1117
1764 927
2471 921
1178 29
14 1125
845 2636
2062 1893
1340 1687
2279 2769
899 869
2365 2041
2085 2135
2381 318
370 154
19 2489
2155 387
2491 2209
306 1143
2133 2242
186 968
297 546
379 1406
445 115
1558 1564
1564 166
2475 2369
2143 1133
1520 1974
108 170
1111 1118
330 1623
173 184
2741 253
1391 324
2066 1383
572 1940
1136 2474
833 1317
1035 1382
512 1738
2398 474
853 1949
29 1786
2645 2655
759 2583
1169 227
462 474
2216 182
2552 451
471 355
2203 1851
1213 2076
2326 2069
717 850
446 15
1505 1214
799 1050
1056 746
925 1777
2314 2444
1478 1661
2373 1907
1491 2575
1038 1562
895 2435
1765 2707
2724 1538
1041 2044
429 2337
2213 1997
213 1178
1673 2079
360 2593
2579 1238
1174 463
844 441
2049 225
2731 138
822 679
1052 1850
967 1011
761 1845
2469 1435
2177 517
540 1670
805 467
2248 1498
2270 2771
1230 8
1892 655
531 1715
188 1355
2590 324
299 441
1896 2535
1828 22
1326 114
1363 2480
2476 2632
1226 694
624 732
1868 950
1443 1835
2555 2664
1259 2313
1848 2653
782 1944
1789 1961
2222 1776
1131 540
44 412
74 1269
1235 1262
879 1460
1665 381
98 546
1070 1604
223 2396
1403 1142
2649 1458
464 1624
351 1570
1253 1287
111 483
2174 2032
1409 1097
952 413
2560 1461
796 2449
247 2518
669 496
2036 1581
2404 1616
2021 1421
988 167
1076 2737
1614 2306
2094 2682
832 277
2747 2295
1829 2014
271 263
116 2777
2551 2369
1960 2313
1632 2545
958 1791
1603 1294
2166 943
178 2138
1685 2245
2075 602
688 1875
2105 761
2245 2369
2489 1786
830 694
1689 904
1586 2363
73 2359
2259 2609
1274 1424
1548 264
1212 315
2745 2345
257 263
1182 1139
2123 195
303 2775
2500 258
1620 2429
1002 2712
438 2636
506 1192
1510 1721
2211 353
2586 1508
2504 1296
1991 870
329 1544
840 1023
1810 2534
2650 2589
2509 2341
998 2193
3 1816
2145 1698
2378 51
2118 701
1401 803
1882 1173
389 2614
2222 1269
2372 2193
1204 1286
23 365
311 519
2420 803
2432 295
1744 1670
2351 1556
384 2240
2574 1254
255 2346
1688 426
1123 1268
2163 2720
2430 1548
1609 2170
401 1181
900 572
2317 966
1929 724
2581 1419
407 2395
1047 2531
813 184
169 2686
674 442
1063 1104
2472 2214
1484 677
26 2118
174 2745
2012 312
2704 2231
1918 1155
1668 1822
836 160
1843 1990
2636 2595
234 1830
1252 1807
1417 467
646 2042
2621 1992
1379 1388
857 2599
69 2080
1959 1075
1830 395
1911 2334
1220 1011
327 1668
1099 792
1962 351
738 210
2283 80
2488 997
78 1499
1190 2517
705 185
972 1103
622 2167
1311 2269
2387 2195
2003 769
226 723
152 1940
2571 2672
1649 580
616 351
178 669
2762 480
583 100
804 931
1708 1756
2228 2557
529 1002
453 97
469 2170
511 1144
2764 1055
1995 771
768 2369
1272 1551
1499 66
1638 815
1706 317
1151 935
732 440
2208 2710
1331 861
1790 2553
1692 291
276 2013
2690 2097
1308 962
2025 408
2418 1801
791 1209
46 2399
2169 726
1395 1268
1645 2109
543 1250
1953 2631
1339 2420
1376 472
1432 1231
1308 2525
1646 1497
264 2118
385 1172
2719 117
335 185
416 2288
1422 322
1973 2665
1629 2531
2092 2302
2600 337
866 459
2415 233
110 1274
561 2108
290 2016
1112 2550
412 2400
1791 553
694 789
2731 1005
662 2296
2617 415
1749 1050
1658 1296
149 761
1137 968
700 1628
1100 973
55 544
2665 605
383 771
1442 1860
66 26
2172 439
1043 817
1662 2107
2294 2740
2064 2261
2546 1660
601 154
1616 1637
2690 1038
1445 2762
1810 1344
1057 2625
892 1420
1563 1745
747 2415
1941 825
2501 824
848 2769
1481 2480
288 148
2390 2637
1102 90
1040 478
1089 1541
2607 2552
2582 405
42 2522
1464 2217
2195 1723
2072 233
2556 716
180 1070
2388 460
847 2014
1584 2277
2721 580
2582 2672
1717 838
1697 1494
1619 1428
2257 2714
1250 46
1042 1406
2578 2778
906 1291
2175 2460
2225 1340
2749 1519
2084 930
2735 1240
425 656
1748 744
500 2117
1299 1397
140 1753
2771 548
459 1173
400 310
629 1361
2184 1623
2026 1337
774 215
951 2369
1557 1559
80 2466
1217 1247
2092 1710
2644 82
268 353
290 971
2540 1450
1635 1873
1653 1370
153 1527
2103 929
2046 1028
386 1905
1600 2641
1813 749
1148 2245
2231 2156
991 1159
1474 2701
1434 2662
279 208
1945 1909
326 1027
739 2369
1663 510
81 2054
1305 142
85 2545
862 2614
2336 1390
306 1822
1482 1853
368 2747
968 626
1537 768
942 798
1146 379
18 483
171 2604
922 789
2100 190
171 1841
2219 874
2018 2679
2689 1614
1798 993
755 2108
2363 2321
185 2672
2542 2678
683 2695
1911 2674
740 441
398 263
1758 103
1338 1467
2640 1176
893 2648
1618 1637
1055 758
1752 1317
1643 838
1916 2726
2641 2716
1726 484
1187 494
765 232
2112 2042
2218 657
896 803
2390 1859
2600 1906
982 266
334 1233
1777 2029
1779 1825
1970 882
970 441
2596 269
2217 1101
859 491
925 1123
2393 2406
2182 163
580 1432
30 1207
133 806
2163 1397
2670 830
2722 2641
1194 192
2637 1124
684 2445
438 1454
2115 2443
802 1168
2516 482
1574 2263
1809 157
856 681
588 139
2570 1432
2492 2515
1204 1721
1745 1557
645 2758
473 1384
2322 1417
537 59
797 2714
630 2655
2673 1231
1068 1281
794 2348
2482 154
963 402
722 1493
1446 1260
2164 2400
2448 2513
1521 568
203 2
2505 100
943 1672
731 402
722 1122
735 1422
541 585
2663 1615
800 1789
313 653
2628 2752
620 1493
1062 2106
976 1798
647 1894
713 264
2297 481
2434 161
1342 2078
1067 2108
1734 1257
476 1354
828 2442
613 1976
564 414
1743 1473
2405 263
2498 1721
386 2265
2270 1441
226 699
1188 1322
2278 1902
338 2091
508 1096
227 2406
2061 1923
2239 1541
1552 1035
51 2348
536 704
1196 168
1579 1126
2422 742
111 2212
49 1785
125 1193
593 2569
1732 771
2587 831
1192 713
1847 737
1101 2215
1289 1231
902 1748
1389 1396
435 2013
235 2215
567 2339
2541 290
393 200
2069 1984
1468 1569
2304 1054
1142 2091
916 263
2329 2430
967 374
2561 1984
2708 1727
495 2189
971 1175
286 2220
463 1751
2755 213
1292 519
645 1904
824 1132
979 655
2333 1908
1773 2615
271 1209
108 2517
608 2258
1375 540
2692 1844
1028 1428
929 1696
128 107
846 2619
446 1190
1201 1195
576 2687
738 754
407 996
1153 818
4 1865
1191 443
2386 824
1330 1894
2349 120
995 2380
2589 993
1530 956
1394 1656
2147 585
657 1095
2557 1995
1010 1238
2126 2330
1585 2040
2323 510
106 1004
396 1190
268 749
1305 674
102 627
2427 753
1315 405
1204 587
2320 663
168 652
1556 706
392 2412
2010 1820
278 2202
2437 1555
786 1568
1459 545
1722 1630
874 1741
2408 414
219 856
2701 701
2136 2367
2298 533
2333 921
1348 1533
2454 773
1737 705
1983 319
318 1007
890 1144
394 1719
135 861
1407 229
2384 1788
1621 2108
1805 2337
937 932
2211 2385
776 1362
808 1411
2669 1808
2254 962
889 1656
1462 863
1036 371
222 1862
1357 68
2564 1292
1216 1251
2169 1323
598 1121
150 2223
334 935
1781 1865
1547 2721
1647 1562
946 1716
2479 924
43 2570
2135 2054
242 1287
812 2401
1468 154
858 2748
2585 1785
1374 2493
2209 103
1242 493
1896 1544
260 580
934 984
1196 1299
2600 358
1918 910
1630 2460
84 383
1981 2659
1823 2310
596 2070
1157 981
2653 136
751 1893
2323 1489
215 1052
1938 1752
2509 901
1126 1386
878 2277
1391 1087
2268 1665
1383 1842
1302 1293
1351 2092
810 2714
1536 2095
1854 1304
547 559
953 2431
448 469
734 816
105 744
1191 1630
788 552
461 1588
2093 2347
175 22
528 1557
305 1513
1861 2524
949 1436
1234 2150
1398 2431
276 908
1048 730
1940 1827
1427 1404
319 1856
942 2638
946 1060
2756 1804
1221 2259
1849 2
1760 987
821 29
2626 299
644 1551
1898 1126
1883 211
1675 2427
972 2456
1017 53
809 1021
288 2555
2629 1813
1650 950
2709 1957
2404 913
1659 618
2539 1738
1842 2633
1988 2240
1237 1657
294 2570
1380 1924
2686 1822
235 276
1092 1982
348 2043
6 566
1158 2585
1975 1944
1872 986
1846 51
1637 2554
2736 661
2255 129
1579 2742
1027 905
1927 911
2304 1377
2779 783
1932 1732
852 1065
2142 672
2659 602
1415 298
145 521
2024 2518
304 1695
212 208
1070 540
1108 1885
467 2179
166 933
856 1803
1342 1746
1317 1997
2495 1976
994 2712
1076 185
1750 711
2066 1690
150 2765
639 1483
2101 874
600 2487
432 1396
1745 517
1728 73
2442 342
1934 2636
2446 2476
1860 940
1616 1393
1562 1723
1613 2655
1599 150
2732 470
172 1722
826 2223
1039 2219
658 740
479 1191
477 881
202 2134
2165 1345
2761 2562
2660 1745
932 689
790 1791
1003 1006
2197 1511
1639 1603
427 393
1064 1283
649 2403
599 721
1461 1535
666 542
1531 62
1373 2625
2005 321
1371 441
1018 283
144 2421
2612 197
1859 57
599 91
604 689
1026 1697
2091 701
88 416
582 256
342 1995
1540 1034
324 2673
66 2052
1138 2363
2120 98
461 1498
1756 987
1701 1943
1529 245
436 996
1164 694
2716 1733
1578 1851
196 1106
1942 97
274 2340
1534 2399
2154 200
631 267
2680 1382
2209 851
1816 1445
1690 59
1069 692
2516 854
312 1588
1049 1989
1372 1488
188 2569
1200 2252
590 675
325 1785
588 2601
2186 2456
1314 1368
977 1800
1475 1698
1595 1535
2014 991
1853 2603
2036 1723
92 1199
2425 2678
1443 2552
670 2779
509 1131
1132 753
2264 830
646 664
1015 884
1921 2124
771 540
24 1048
1095 2376
272 1591
1381 2092
1568 1485
468 1931
10 1310
2643 2161
2098 1168
532 1575
2691 1915
214 1768
194 703
898 1634
1314 2588
1644 1223
2559 2493
412 265
1380 1264
907 641
493 459
1434 2693
2694 2564
451 689
1740 753
1680 822
2658 1422
2682 1789
1848 543
1750 2395
2191 768
2385 2004
2063 1579
497 276
427 545
1645 133
2668 20
1803 1002
1225 1172
648 964
2344 285
2081 1127
1012 68
1418 806
2591 1893
1332 2655
2559 2468
1467 1578
184 2334
1629 1100
2273 880
2667 965
2566 752
1642 2454
1576 1891
1556 474
1707 2273
52 379
231 1820
945 2601
1208 2232
1795 1370
2330 771
931 436
1000 2561
2644 1493
1835 785
480 26
1976 1496
1748 881
809 2068
2008 1079
47 1720
954 907
2727 871
452 1124
1609 2340
229 767
289 2555
2645 111
2474 850
2514 2328
117 2473
1235 1840
2044 1578
611 1873
1550 1591
1313 1458
1973 1894
2763 1523
280 2262
341 1214
1941 1437
1623 2313
87 2559
1832 915
40 2132
1586 680
2035 1231
210 1155
137 1741
2572 1316
1568 2507
2249 1817
1601 1292
2533 1786
910 597
478 1321
2526 1265
2699 1627
121 57
275 864
852 1394
1833 1244
2308 14
1497 2164
817 2273
977 25
697 2613
873 446
1183 2634
1812 2070
1995 1999
1424 190
1825 1035
2036 1714
382 2646
1395 890
839 1204
791 2524
2030 2444
1009 1754
303 987
673 1392
1392 2110
704 1345
1059 2177
837 2682
1216 1337
2721 1751
1015 2418
510 1362
2586 2191
920 1393
2085 1957
2765 1820
591 2024
1571 2293
2236 2095
32 1771
1509 1721
433 2618
1093 66
2346 103
2049 2754
1813 1932
1669 2650
1980 146
1462 649
1270 883
2411 2223
886 2716
1835 216
2019 640
1605 1582
2455 2370
1201 1727
1208 1806
2467 996
2134 1363
2111 933
1545 2543
241 965
1922 185
2549 1001
798 981
2730 66
364 1614
2072 455
2040 1993
2028 1210
2486 2770
1524 1337
1329 2591
599 57
1725 1734
1240 252
498 2212
1918 1419
1789 2439
2081 607
487 2280
833 1820
2653 1284
519 285
117 443
981 1555
1318 1307
2161 2610
418 594
2065 1851
534 2300
50 996
1828 838
2237 737
140 2661
1071 1587
424 2085
2366 2379
1074 2531
820 1317
940 1984
156 2044
1334 921
1929 1469
2524 1877
226 1792
2058 1570
2108 563
2173 1405
1463 232
2226 430
1683 2487
1617 352
1333 1793
1117 1518
1369 2665
183 1981
163 107
363 940
1566 2038
323 2035
897 135
1538 1919
382 2562
2361 263
2197 1235
2495 1254
1948 2345
2491 1412
557 1851
1862 667
478 1686
1684 2002
1579 1371
1674 306
2713 1947
1110 906
2710 2235
25 2334
390 2568
996 480
2703 612
1393 1294
1295 1979
1024 1985
2507 259
1211 2589
1175 1360
1556 133
2249 2366
2702 1661
2251 199
558 1125
2137 1766
565 400
785 1129
1519 400
2565 1120
1594 1413
714 2313
172 1420
1486 1386
685 2170
1996 957
1586 2190
182 2740
1477 255
736 1734
1092 606
2604 1210
1234 395
1275 903
2604 2096
2694 715
2351 2599
2308 96
327 933
2738 63
1674 2402
823 1785
1914 2462
589 1307
261 2448
377 263
1818 2310
2117 27
757 953
510 1641
2079 204
125 1023
1480 2460
1008 874
1036 1264
970 1533
864 1512
1385 1622
694 1030
1076 551
1514 2175
2061 1276
345 379
686 1620
1516 1569
434 1371
2255 2181
2466 1307
710 2175
391 2160
1743 205
1834 881
1161 888
1706 1159
2747 2318
584 1139
2039 2283
2465 870
2409 639
2275 2439
1649 2048
811 2725
1870 1792
765 1158
684 2567
1449 169
395 2460
1539 1710
708 90
2399 540
143 926
1877 2711
1737 1022
480 1248
2507 1821
2169 1494
535 1746
1013 874
1871 123
1337 701
20 956
2230 1289
969 761
2217 7
466 1772
496 2080
1830 94
928 580
2673 402
2745 1822
280 2462
410 824
1804 2469
2 2004
1058 702
1972 1141
2379 973
586 550
887 322
2060 2470
729 141
1856 363
101 1305
476 1802
1274 2683
911 1675
1967 2106
1558 2316
2428 2091
379 2052
2005 627
1178 1473
2663 1518
1573 1500
1071 1030
2199 403
518 2529
1946 892
2033 1935
1994 1579
2547 216
1366 251
743 2110
2102 2234
491 2495
2262 1629
1003 520
401 1645
437 1598
787 169
1655 1738
739 99
1473 1428
362 2216
337 845
558 2401
1416 113
1967 329
463 141
1064 2668
1423 1427
1110 486
2571 2527
127 667
491 1852
2276 2183
1559 1996
2664 1961
1653 2047
2713 146
795 2457
339 532
1963 753
773 1156
2451 1085
1160 1352
1320 909
2290 818
95 58
2325 150
2006 1540
750 2683
2738 1893
159 1153
1001 2544
165 298
2218 2699
1145 424
2326 2141
2576 41
2335 2168
2629 446
255 285
267 1255
521 671
2250 81
1335 1040
1295 556
2704 276
2294 2118
896 718
2652 279
1829 61
1681 1934
2430 71
2576 1388
1280 463
1461 465
2353 537
1837 2096
1632 1749
1469 1554
960 2485
1807 901
1871 1742
1756 2196
2383 2380
1836 287
2778 222
2465 2740
1436 957
2705 2011
1633 133
338 2519
753 1670
1209 973
606 2102
1042 609
999 93
896 2358
470 1387
1862 1400
2274 1668
1206 2545
259 2746
1979 653
59 70
116 533
1704 861
2301 1317
1846 876
148 1307
158 886
525 2373
2095 771
1750 2080
444 2223
1658 2316
1938 1222
1946 2706
955 245
2354 2673
2490 1775
304 1186
2506 1876
211 1950
328 2076
979 2278
1944 1013
1433 287
109 1362
193 1256
974 746
2724 315
1944 128
1707 2237
1549 271
1439 842
1117 872
1583 560
1189 2487
445 519
906 2699
2074 523
238 1826
1851 2334
20 926
2592 1647
1026 544
2050 937
2424 716
97 1491
1398 903
2652 380
1081 749
2355 1546
2568 2104
614 1066
2123 1680
1651 1310
467 2423
405 1127
2666 2745
270 2656
765 2511
17 813
2580 746
2001 1025
909 589
742 2335
829 1472
2705 399
356 2338
464 2115
221 71
1587 1191
1356 1672
1181 2517
123 1349
855 2042
1506 1962
466 2368
2011 921
2149 2339
458 789
1115 1887
2335 1336
878 800
871 364
701 2342
163 2555
2400 2466
2277 1266
220 2054
2367 1317
527 2302
940 2380
1347 2087
1761 1121
1788 1947
1524 1944
570 682
628 318
2118 1961
1964 2015
2213 2577
1044 1798
882 1172
1496 1687
1612 327
2478 2129
2278 2536
1593 1018
139 2474
1897 1815
2459 2440
2070 80
1694 1671
2227 534
188 192
2345 2464
159 1243
1301 2777
119 1501
1325 2425
1576 398
1507 2026
1123 2491
1288 2413
2450 1512
1213 1629
2639 669
533 330
338 1103
2775 1068
1770 908
209 921
248 2427
2034 168
1521 403
936 331
237 771
562 1106
525 1844
126 801
1954 391
2642 407
2125 2294
2055 1793
1466 1089
2741 684
891 1915
449 2109
1854 923
2214 133
1488 2088
2116 2357
830 865
895 1528
1820 781
1887 15
1875 1721
327 21
1683 575
1752 1997
357 1265
858 1004
944 1281
1909 1887
2429 1382
64 2176
33 1765
2113 2445
402 1248
2766 2619
1597 2271
1290 918
2634 2466
1109 2707
686 2522
73 1721
406 2622
745 126
561 1643
131 712
249 1394
785 2493
548 137
2031 2082
777 1156
2144 1141
514 132
394 2543
2122 2170
1363 1629
1544 2330
480 2473
2608 2184
1626 1962
2632 2609
172 2204
532 1774
282 1237
1202 1127
2584 2721
225 2453
2075 1349
1843 1840
48 2139
1920 327
1182 336
76 739
337 2207
2315 695
2197 1036
197 1248
1227 2662
660 2616
1986 2294
927 359
2371 2431
62 112
1919 2419
1474 832
1300 1124
985 1256
330 1768
1185 2515
1314 1567
198 1718
2530 1620
734 235
2752 1107
2381 2226
2772 137
696 2770
1538 1693
1839 1069
2436 2442
1933 2236
1769 2176
2713 301
92 566
1972 2414
2132 2271
118 2466
16 768
2168 1487
1744 1961
2303 750
1526 1713
1211 524
1402 1000
581 2431
344 2212
2282 1787
1700 1181
649 2750
1940 1077
1694 2537
526 1079
2368 2339
927 840
577 1655
1104 1050
1510 2237
2229 1942
1697 1173
559 1800
1598 184
1826 2346
177 2424
677 285
137 2306
932 1582
2475 841
1966 2753
2678 749
1100 2400
82 2091
2053 569
1710 2306
179 2003
1310 2595
2597 545
1036 2377
1116 1041
2177 1841
1783 2418
2521 445
41 2410
698 490
586 240
2484 867
32 1108
1921 2306
1845 753
1016 2736
1298 2347
1794 2650
1889 2415
2701 2558
829 2310
1258 2567
2596 1341
2619 707
1219 1452
409 625
2142 2693
541 863
2605 540
2742 132
1168 2624
525 1992
2209 1455
1414 2601
297 683
1456 268
1380 132
1695 169
79 1521
13 1336
497 1515
281 1809
2750 1049
478 119
2317 65
1283 2161
1606 1802
1252 2611
2559 422
2247 1785
2324 2069
2544 2468
205 1361
756 1741
2699 2127
1778 335
1913 1311
1900 2558
1910 1002
974 1049
1094 1272
34 2306
155 204
792 206
568 2635
1208 2538
1468 589
1081 346
123 1673
1134 1646
1060 2583
1767 2440
1374 361
384 54
2757 1146
1773 2267
2128 551
929 2582
2162 1563
894 2196
1088 2129
1330 1915
1278 2426
1679 745
2013 2088
695 175
755 1999
676 1316
11 2273
1594 916
1050 1023
1749 573
2769 2716
889 927
1916 860
1444 18
2597 1924
1739 2000
2291 2442
1057 956
2235 385
1520 2642
67 1669
1274 1279
186 2484
1694 2141
99 947
1293 269
1906 1328
2463 2105
36 2038
1691 2461
2171 1658
1447 48
2563 2148
1134 2684
56 1397
1500 1796
404 800
1978 974
985 841
663 644
2041 1444
751 1030
808 1479
1650 558
2149 2717
1652 1530
1687 2609
12 412
1622 1125
1110 1012
1017 2382
2760 154
822 1863
1168 252
750 315
230 167
160 933
2117 470
1399 845
2054 1400
696 2012
1690 457
2391 414
643 503
1277 29
767 2699
1615 831
193 1187
1166 2402
2776 2361
303 2319
2656 230
1532 2318
2214 2773
2440 2655
1955 2278
1992 575
1227 1431
635 677
745 1243
224 2483
801 707
2715 2468
2043 603
2416 1811
2114 1146
37 2469
1590 286
688 1718
165 2211
11 622
2677 516
62 2551
1090 2630
108 192
2098 2222
1975 2515
2202 2656
1149 2410
2226 575
845 1698
2068 377
1565 582
1838 2688
2128 881
940 35
810 2082
1457 2131
1467 2233
1346 546
1342 919
2751 823
951 2000
29 1733
2417 1626
1936 284
1631 1460
1810 467
269 1664
1446 601
699 395
1649 1931
2178 1125
2242 1210
2281 1908
1357 576
1584 367
651 117
637 1197
1817 1082
1890 403
670 188
1365 2086
616 164
2086 2553
1239 2605
1719 1011
521 980
1676 2020
462 1864
582 875
322 627
162 598
2520 2475
1998 800
2690 1925
987 1833
2594 2590
1799 2664
827 2664
236 1397
1233 1421
2356 2302
505 955
1306 366
431 2602
800 587
2272 173
2650 926
2513 483
2375 2269
650 712
674 7
357 1426
1052 413
1297 2778
2470 1245
1166 413
388 1958
854 1184
2200 2187
1614 204
2264 527
2020 2089
1161 641
2229 650
1689 1368
1440 1908
1860 1155
2263 885
2481 588
1855 1853
501 492
1874 2491
1526 690
1709 2042
58 575
2165 621
1490 892
2706 331
2241 572
134 967
2305 2076
1486 288
1247 255
9 95
1610 1190
1809 1724
918 133
1242 535
1745 2648
1654 2480
290 2726
1959 1616
1282 2534
1267 1661
872 1488
1073 2739
1658 265
1564 698
527 941
1880 1989
538 330
1641 780
912 707
1393 1550
1190 2632
207 1269
1359 1222
531 2468
1869 2367
1070 835
1879 181
1076 201
392 2532
619 184
1375 741
122 102
153 988
358 1589
2438 2731
482 679
2050 1278
1151 138
2734 2154
814 353
2203 1653
869 2267
2151 2186
1797 1023
489 1938
526 2361
1928 2169
200 1292
2200 1881
2667 1078
2007 118
2023 1300
2335 2746
2231 1964
1061 213
1039 1417
670 781
1892 16
1796 842
2311 1550
1149 1232
2768 1130
1692 1033
312 1011
1897 66
440 395
2396 2135
2723 310
920 932
1145 2153
571 191
433 2339
1153 1488
423 2517
171 783
2121 2260
2045 2708
2047 2346
343 1285
1762 1118
713 905
1636 64
1791 429
2675 2083
175 1976
1660 2525
1648 592
2051 69
815 2139
1482 1731
1495 787
147 342
2294 749
666 492
1020 2543
911 931
862 1492
1543 1191
888 2275
1571 1559
365 2714
1099 2282
25 1747
342 2009
2420 441
584 877
336 2154
2404 1858
1702 298
1853 1378
1901 781
239 317
1535 1225
1860 2662
1960 778
1737 199
450 639
2110 2194
146 1223
100 1124
1923 2591
1107 118
1511 1987
618 1671
600 1956
650 1179
574 2714
1032 1820
2029 138
1762 47
1 2473
216 2534
1086 872
985 1358
1761 323
2576 204
959 2442
2433 2636
254 1236
1908 1984
948 182
1662 1500
1969 52
1736 2531
2739 1961
2247 641
1609 1602
1561 1385
377 1738
90 2456
1425 1042
2157 1569
1069 2400
1228 2695
1637 1932
2647 262
2304 2349
721 636
2527 480
914 1126
1298 2245
2151 546
499 2609
2326 1863
378 824
559 1316
2332 1898
117 441
1703 1379
1641 903
899 2728
2248 2403
2394 993
1457 2542
506 676
294 2188
2286 1371
1969 2299
435 1172
488 2256
2232 905
423 723
1794 1678
539 968
535 2665
2265 2440
560 377
386 81
1144 1786
2157 2132
119 2095
1825 2545
1281 129
1160 2139
430 766
2158 1825
1278 1862
2167 1197
763 1310
2174 2127
1512 331
400 2460
722 1119
2322 964
2617 2056
2573 757
517 129
2198 2330
421 2146
1942 1333
851 1140
1648 2259
502 1522
1433 1362
1782 1857
2060 65
1541 1947
1560 156
2288 18
1188 2080
2343 2544
1203 1332
465 2672
2336 601
2253 2168
1763 655
1784 1785
1287 587
2105 1555
2627 1600
1615 2570
1102 1296
464 984
1740 2654
1819 128
56 1572
289 129
775 2495
1872 564
815 1339
1648 332
308 920
689 842
2334 1248
1551 1769
176 2632
1205 1339
2548 1085
1682 210
1627 26
807 614
2534 103
1625 816
161 1409
2728 82
54 1895
2614 1544
1993 744
2454 1786
67 1542
1692 2195
1946 2007
2620 2261
917 1530
2548 1444
496 2183
388 1623
1580 1172
1135 654
2027 1604
75 870
347 57
2185 933
2528 1578
194 63
1077 661
162 586
1782 519
1577 1240
1197 114
690 357
967 369
840 1131
718 2691
1091 1967
1328 2655
215 1376
2017 243
718 1303
2563 2206
779 232
2206 2080
2152 2068
1090 79
1766 1698
2340 34
2614 376
1410 1287
688 944
2712 1528
1208 2140
246 1787
2440 1198
2462 553
479 131
2150 1472
2350 2404
667 204
926 2447
1112 2112
2575 2342
2090 2711
806 1304
720 1703
1915 2636
373 1449
1542 754
521 2413
2098 2681
2168 1720
423 875
975 1992
2017 2447
2078 1627
2087 158
2588 366
522 1617
790 939
1499 1128
1838 1958
1017 2224
1944 2205
2096 1943
840 1984
2006 1941
681 266
239 2717
2449 792
212 575
1244 1190
2110 1432
2623 269
151 2034
2124 1131
2660 2295
1578 1687
982 566
409 906
1741 701
1912 808
2508 2289
1027 868
1084 285
2388 2288
2260 1527
2224 188
1665 115
2669 2283
1218 2003
709 1993
1557 1624
725 631
2479 1422
2713 1020
2132 512
1249 951
1809 65
770 1287
1824 1537
1831 651
730 992
2755 1450
1781 2602
1895 2680
2093 1434
1888 2295
2350 849
2028 1237
2077 626
2550 163
1885 1153
1608 108
643 1285
2307 2753
623 1434
1229 1349
1141 1307
1309 2401
811 2054
2579 1154
358 458
1343 1524
789 1190
2074 687
139 2468
736 1678
1470 2125
559 1657
2156 1950
1424 2637
764 2318
2657 996
496 2468
390 2342
2748 128
1664 5
2100 2410
2347 1157
744 1741
1654 499
1471 2721
752 1655
579 2588
595 2400
877 1199
1396 701
1072 991
132 601
1417 372
1356 2331
1711 39
28 1895
433 615
930 992
518 1751
586 2727
1324 669
273 513
1525 2686
420 2252
2677 2217
1607 407
1517 1533
572 1538
978 197
2112 1985
2266 388
2500 2593
1712 1226
2767 2215
719 1598
2635 1789
445 842
727 1514
988 2417
1080 2525
1722 2201
242 1634
499 850
760 972
1908 63
795 2042
985 813
331 2464
2351 2500
716 905
983 1687
1556 1279
764 283
72 649
990 1881
1051 2366
408 120
1776 978
1270 2520
1483 1683
1007 1360
2117 19
1785 2466
1631 412
2485 996
1527 2499
1633 2684
1173 2400
2716 2420
1707 877
295 511
985 2370
2104 961
645 1780
473 159
2671 894
2029 2716
1136 1207
794 130
1550 801
1977 58
967 1114
1055 996
2759 1021
1176 2750
1183 2411
2323 235
2059 1214
2312 2087
1046 1686
2313 465
1814 818
145 2424
1456 2495
2025 480
91 137
298 2473
2497 433
2399 549
2518 451
1401 2225
1009 324
2189 540
657 222
1378 353
2374 1829
119 1030
556 1942
2771 2660
492 603
806 1789
1066 760
392 2775
617 1752
2002 8
435 8
286 55
1411 1655
1162 2709
1269 2243
1699 1571
469 905
1488 2651
965 1710
1400 2342
153 2292
1197 509
2036 1448
124 699
2089 1753
2130 1541
1913 1575
297 1726
2159 2288
1717 2521
456 2429
348 1753
2285 1339
191 48
1091 77
956 2547
1879 1597
287 29
1269 1318
1787 442
2744 1965
1224 1160
1667 1282
1996 826
2509 259
2510 454
632 2219
83 298
2514 880
2280 1420
2470 1271
2234 986
901 2175
1367 2313
2155 2029
1982 2386
2364 1915
2507 1146
1827 1968
428 2289
2676 1289
2419 1582
682 2093
132 1387
2633 1239
2500 2552
503 1287
1704 235
2511 1732
1255 252
1045 627
1886 1483
321 700
807 2132
2212 1614
1481 1730
810 1412
2385 407
343 140
2327 1201
1504 1435
457 2221
1236 944
2246 2067
2312 456
1704 1312
2622 1662
1261 1335
1244 1985
349 393
2536 1074
5 806
2191 1812
733 228
354 2329
2099 773
300 1534
2744 2473
2050 1409
1678 2609
2420 2337
373 2589
511 2267
2401 749
2730 2256
1003 1024
605 2026
1090 1115
305 71
1699 348
291 446
700 2683
2441 2553
2697 1660
2523 956
1160 1661
2355 2266
2565 781
1866 1199
214 929
1840 1630
759 659
2429 1265
2037 768
36 650
2065 999
428 1266
1427 2334
554 764
2244 640
250 2648
144 1516
2469 2439
2006 975
1152 394
2766 4
2192 2753
2613 2592
2360 2046
2302 1025
2065 1904
1300 2616
1886 2658
772 2280
897 668
1794 563
31 1378
720 2123
333 2666
2125 1159
544 309
643 1985
1303 2370
1444 184
619 737
2046 1080
1113 583
633 552
1020 594
1263 2642
1490 154
2503 1455
895 549
45 1769
16 2309
784 617
2368 2210
1691 1891
250 734
982 2108
1410 1487
1041 2302
1937 1327
541 1324
839 2293
678 930
392 1246
1429 1768
981 973
491 1163
1386 744
1353 2282
1452 1067
302 1333
521 729
765 1899
2242 1614
1723 781
2352 405
284 894
2393 1811
2310 834
1215 103
1553 1100
273 575
1458 2178
1031 2681
1688 1910
1511 12
1996 322
1432 874
286 1327
2444 1305
2193 755
864 610
218 2537
522 2058
784 2334
2441 446
933 2342
663 962
1635 1721
968 1432
1769 34
986 1677
2258 2214
621 1432
1940 987
691 1415
530 1160
843 327
2180 923
611 1516
2300 2673
1921 273
2483 2
1878 1190
2113 1082
2578 1025
634 2020
1149 2729
2094 2707
2423 1400
2733 126
1705 1722
2389 520
515 2451
421 756
1184 2604
1579 1628
244 2625
992 1902
956 187
2500 675
1563 1897
2019 1789
2209 160
2089 2468
2608 1284
2496 108
842 509
1741 366
993 2772
796 1082
2002 1930
2129 2485
2425 1070
2031 702
1321 402
2709 1757
961 1501
2675 1607
164 507
394 813
314 782
2211 2071
1949 1990
1180 1103
1076 1270
1939 1038
1271 435
1484 1275
2287 95
2169 2033
2025 350
1098 528
49 769
1315 1075
1800 2452
1259 793
2675 2206
1110 890
1672 1132
1408 81
1354 2645
538 1542
642 2442
583 626
1627 563
2700 1013
1947 2346
2488 2362
1241 713
2729 34
910 819
1971 1133
2161 1157
1401 2426
1540 1135
2289 728
1049 1502
1529 2129
411 2546
523 870
504 626
1457 313
508 759
1951 575
762 1811
292 785
2267 940
2561 1798
2297 2347
2217 801
2120 1917
856 86
425 621
1858 133
1774 2400
1693 320
2134 915
1438 374
2458 2642
211 798
2177 1100
1273 267
36 1687
2637 412
1503 1451
21 1475
2018 634
2350 274
880 930
1596 1581
2266 1811
1611 1105
248 552
1465 627
2031 2619
1207 439
1618 612
2119 2070
1608 2239
1921 2647
2076 2245
475 2479
1901 60
1690 1759
1655 1453
251 2035
930 2275
990 480
567 2215
225 1428
1153 2363
130 2370
308 692
504 733
1350 2578
89 1762
1640 1806
1010 1026
397 949
1260 1207
441 701
471 317
38 841
1729 161
2356 382
168 2552
1133 713
1554 2757
2438 1983
277 2337
2252 1548
1749 938
104 1411
1150 519
1019 558
1903 220
2502 2089
2544 2698
2330 2464
252 2118
2117 1867
877 1316
1950 1661
2116 1865
1835 2238
801 208
2394 485
1167 226
2392 1961
2475 1083
2659 103
2216 1876
1775 2512
1953 1522
1876 552
2020 2512
2397 519
1245 1683
1718 461
69 1697
1105 1014
2284 2257
2261 2473
1037 492
1770 803
2701 1675
2670 621
2317 1576
1666 618
988 1029
1147 981
2327 1755
1307 1744
2475 1570
2224 1481
2606 1895
578 1577
1405 311
2415 769
683 179
885 268
581 1209
1926 2079
1535 1711
263 661
1105 539
1444 103
2549 2685
958 2338
569 2019
340 613
391 1093
2598 1044
1049 197
2524 926
2192 489
1877 569
2366 2277
2022 2739
352 1911
1251 2294
2686 2527
1952 456
1165 2133
2272 555
2696 1940
2067 2493
1451 1487
781 1789
1825 2489
989 1406
1171 1840
442 1801
1470 316
1148 100
1364 1888
2269 2089
821 1383
562 768
166 2407
455 2102
739 1361
293 762
1599 1499
2743 1987
1728 684
375 819
654 510
2296 35
1979 246
1139 1668
1319 1788
297 314
454 1950
2367 1820
2525 7
2259 2445
1403 1430
447 2668
2369 299
2718 2266
2774 693
2058 251
2362 2650
208 441
279 296
1727 2095
419 2301
1026 825
790 748
1729 945
2617 2169
2346 2473
1139 1958
1360 478
2283 2583
70 2468
341 865
850 2609
1053 503
1070 503
2073 2589
1476 2447
1416 2613
1884 1256
1086
411
1921
2647
144
262
2421
784
2353
897
668
1019
219
270
1145
2153
1688
426
2675
1607
2083
2488
997
1922
518
2529
1161
786
2197
1486
2136
1861
670
1456
2779
1433
462
1206
1864
977
1636
218
453
1928
725
2477
1654
1889
852
1065
1583
954
2705
2152
720
399
1703
1379
183
2391
2743
2308
96
624
727
223
2182
202
2408
417
275
515
2116
2357
1369
2749
328
375
2134
1832
915
696
1039
2486
2770
2307
1182
1970
1912
1991
2327
878
1926
1755
2573
2579
1154
109
2718
431
1037
110
2438
1983
447
2372
2422
2409
505
1416
113
1403
1430
1552
2213
2577
2584
476
2759
1606
1802
397
425
656
241
2072
455
779
2509
2341
2463
504
1351
506
676
733
228
1855
1818
450
1914
1076
201
2128
551
2737
2768
1148
1130
2287
149
1707
645
2758
1780
2671
2315
1836
89
639
2344
1192
1781
2602
2011
1954
859
1972
2414
362
774
2017
243
1692
291
1033
1423
2478
1592
33
2351
857
2599
162
608
1090
79
2630
796
2162
1652
280
2314
2374
281
593
2576
1388
1261
292
584
2533
611
1969
300
2299
373
2566
1064
1036
2377
371
1729
1375
741
994
1936
153
2292
1574
1407
2121
2260
2159
1527
2499
2157
1871
1742
6
1072
697
1946
2706
2007
1531
1659
293
2142
672
56
1572
2006
1540
1034
1135
1848
543
145
2061
1276
2608
907
2653
1284
2322
136
616
648
164
964
507
1113
688
198
1718
1365
1708
2360
2764
2362
2030
1706
502
2628
2180
1684
1750
2184
1955
2123
195
711
900
1809
1724
2081
157
607
473
1384
2766
4
1865
600
1956
2626
326
1220
719
807
1611
2621
934
294
2639
2188
278
1229
1648
592
1823
332
2098
1031
2681
2734
2198
2303
2241
1482
1731
418
1563
1306
347
2202
466
1772
428
2508
2289
728
2446
1301
2704
2208
998
1357
576
2687
2723
1532
2063
2073
1758
1091
77
742
1016
2497
468
1901
60
336
722
1119
1122
151
660
106
2246
1573
989
1680
1882
238
1320
946
1716
333
578
820
1717
2521
2145
538
152
1520
1974
2459
1566
1886
334
2021
1233
1484
1421
224
1735
1737
2251
1022
199
1188
1322
297
1726
1167
484
673
1681
2144
31
1506
2774
384
1988
2240
693
2355
1546
2696
2387
1797
2222
995
629
226
2304
1054
1870
1792
1377
969
1613
1507
2713
1644
301
1980
146
1223
1761
598
1121
1847
790
748
165
939
1162
1202
623
1799
1605
2494
554
1953
1522
1105
1014
2669
1808
1685
917
2122
501
92
1762
1111
1118
1517
628
2581
2018
2679
471
355
42
2432
757
1890
922
1586
2190
680
763
1180
2272
555
2143
731
2320
437
36
2038
1338
1309
508
1096
1900
2656
759
659
1599
2607
1810
1344
1879
181
797
2476
975
1635
1977
1873
2066
899
869
254
2049
2754
125
2617
1193
2056
2449
415
1381
1367
390
2059
2568
2104
360
2390
1859
2365
2612
574
1414
1805
743
41
2381
1691
2461
522
1617
352
2450
2471
827
1814
2036
1714
1596
1448
1581
795
2457
988
2417
1029
1626
1962
304
1186
2317
2741
966
253
11
622
2167
464
2115
2443
984
23
409
625
2163
2720
2715
2703
1923
948
186
2484
867
1212
2541
101
805
1994
1763
2702
1594
791
1413
2039
961
1666
1558
1564
698
490
1521
2199
403
1165
2398
261
1739
229
1561
572
1110
1012
486
68
340
1315
2228
78
134
318
764
1593
1018
283
1116
686
2522
2151
2120
1917
98
1346
546
1765
1981
391
2160
1017
53
2382
873
1373
2776
406
2735
1929
724
1425
1046
1783
1952
1203
2253
586
240
2428
550
135
1015
884
2416
2203
341
1505
1214
2350
849
448
2005
2262
249
356
2060
65
2482
2075
123
862
1492
1349
658
1325
10
1449
1474
914
2371
2448
1689
1480
634
904
2074
687
1071
2364
525
2692
2373
1907
1844
250
2677
516
631
1059
1676
2229
305
2034
1513
1469
1211
524
1152
1971
177
1790
2050
937
2434
488
161
1409
1097
1189
1896
215
1376
2535
472
2279
2025
638
350
2349
408
120
1446
469
244
1280
477
273
513
1760
420
1052
1850
1200
2690
2394
485
2097
1925
1020
594
853
2503
2343
709
650
2090
1179
1534
618
242
898
1634
1829
61
1350
683
1228
2695
821
1383
1842
2291
2620
579
1927
2722
2105
2444
2436
1164
24
1549
1639
1916
860
2623
143
1846
876
1940
1077
1827
647
1968
2613
2325
1319
1045
2462
912
308
1234
2150
461
2264
2211
2071
1457
2131
290
2016
2726
1133
2670
570
2323
1489
2378
1510
2237
319
1443
1835
2596
1341
2192
1966
2238
1466
2753
386
2622
1905
2265
1464
529
2418
1903
1208
2538
2140
1640
1743
1806
1603
541
2147
1462
585
863
1330
762
531
1715
836
949
2312
1878
1526
1713
734
1332
1625
816
1009
1754
13
392
1246
2532
690
500
173
2412
288
2694
715
2332
421
2146
2666
176
302
1395
663
644
654
1056
1945
958
2338
2701
2558
1288
829
682
1472
67
1542
1824
104
916
1402
983
1933
2709
1757
1408
1856
2158
666
542
1109
2389
705
487
1374
361
828
1073
1007
189
959
2356
382
2761
2646
1875
2562
1236
2643
565
1463
2506
521
671
2413
1618
980
612
955
1959
1075
526
2008
1079
2540
2297
979
481
678
1290
2502
1939
1331
1260
808
1479
74
1529
245
3
88
614
2224
1092
606
321
2724
313
1854
923
2102
209
1495
159
1417
372
2231
1964
2015
1313
2268
1061
595
887
284
444
498
856
86
681
1324
1632
632
1839
1066
833
1838
2688
1704
861
1312
2755
1450
1794
1913
2227
560
642
1038
410
1185
1305
142
2470
257
2598
2046
1271
1028
2458
1998
1353
2627
1679
1069
692
888
1298
303
2319
2775
1275
911
1270
804
931
883
54
1311
685
1196
557
236
1299
1397
2597
1699
416
2516
1982
2490
1538
1693
320
2285
2496
1057
2625
343
925
1777
2149
2580
239
2077
2717
2483
317
729
1918
910
597
819
1419
2383
214
1263
479
131
712
547
1174
1438
217
1803
2067
1712
960
2173
1584
367
1302
1590
1081
346
2574
124
2057
230
147
62
112
812
32
1771
2290
2093
2310
213
2347
1058
1027
1297
868
2652
380
179
475
591
2384
1490
920
2523
1651
590
2248
1498
1043
777
1221
2114
2041
9
25
2393
1169
227
1747
2406
2542
1819
953
1560
2250
530
2396
1088
1579
1872
2234
986
1677
1245
1459
495
1543
2689
2084
205
1509
178
2138
1440
1098
491
1852
1163
1242
1115
493
2022
2270
1441
866
1568
1485
802
2278
76
571
2216
1447
1779
1112
1053
1003
1006
520
1539
568
2117
1867
27
2024
1776
760
620
2587
2549
2685
1937
1516
424
467
2179
1411
188
2569
1355
1329
1354
637
43
2501
1032
1868
2442
1385
1060
349
2404
913
1778
2155
387
1465
1609
2170
1602
891
751
1177
1919
1436
1364
2263
1235
1262
523
1001
613
1295
556
1476
1942
2668
1333
2536
2055
1793
1898
2254
732
2556
1041
2658
982
566
266
978
1216
1251
514
427
545
1897
976
1815
1662
2107
2732
2195
2286
2733
1554
2126
1259
793
817
2281
1849
2727
896
718
2358
2002
1483
1930
2045
272
1519
945
739
2771
1361
99
2524
2103
947
203
2010
1283
2
1663
2710
342
2009
2276
2352
1134
1646
2232
2492
1622
1941
1437
1909
1728
536
2767
1258
535
1973
2665
1894
1869
14
47
1883
1399
2649
2742
2731
1005
1949
2451
2086
492
193
1187
494
1310
2064
1356
2331
295
1168
2624
2273
1442
830
865
2119
738
754
2505
1791
553
561
1643
2249
1051
2663
2366
2277
1266
2586
1508
286
2220
2530
1327
87
1108
207
2200
1499
1128
2187
2284
765
232
1899
2065
999
93
1904
1044
116
2777
1063
1348
1700
1147
221
338
2519
972
1103
2751
2548
1085
1773
2615
1828
838
695
2298
665
971
2419
1610
1380
1264
1924
2335
1336
2667
1078
1892
655
83
837
1249
577
470
1137
1530
2507
259
2746
1821
630
1616
1342
1746
919
794
2379
51
2348
1705
2161
2610
1427
1404
847
700
1628
1756
2051
906
894
2196
1291
30
970
1533
2592
855
1048
2266
846
1811
196
1667
2305
2014
2191
1812
1650
950
1633
38
2684
1888
1978
1682
2455
1293
1219
511
2267
1500
2660
368
2747
2295
2318
1372
1
1597
1094
1343
2511
167
2544
2698
684
2567
858
1004
132
1278
1277
1387
175
22
750
315
20
1598
84
404
936
832
708
463
141
1701
1979
653
1123
1268
956
187
1126
1471
2388
460
1272
274
1151
935
2514
2328
1429
2600
337
2207
1767
2645
2440
1198
1906
1042
2437
609
834
1328
2655
2154
339
510
776
1362
122
1175
2166
646
664
351
2189
358
1589
2640
596
967
374
369
1114
1089
1010
1238
2137
2557
880
168
652
942
2638
174
2130
438
1454
73
2359
974
746
2247
641
564
1837
1252
2611
1158
1975
2515
497
1458
2547
1515
1334
2520
2226
2578
430
766
55
1503
325
1451
2156
2550
2174
1359
2032
1537
2283
2756
2583
2258
528
1099
792
206
1536
2745
2100
1674
1166
952
413
2402
1764
1026
825
544
309
456
752
2441
2553
943
854
1303
1694
2537
1671
1062
1669
1170
879
985
130
1358
2370
1884
1256
1470
316
1269
2243
307
2475
841
1083
383
1401
2225
2426
1024
1074
1641
780
2288
1665
381
2504
963
246
72
2594
562
1084
1106
1149
1736
2410
1232
930
730
992
1902
282
2218
1702
1876
482
1615
831
17
537
1481
1730
2255
2181
1150
1335
1326
599
721
636
121
57
388
1843
2563
1990
2148
225
2099
440
2453
2644
489
2642
1493
2479
345
924
2053
1910
1226
2085
1957
539
2375
864
610
2691
2001
2728
1250
40
2405
1655
1453
1547
657
1095
2376
1551
354
2133
1963
2763
1523
1608
2239
2424
1366
1556
706
474
1834
2633
2433
2169
726
1323
2033
1935
166
2407
2172
1545
1874
1184
19
1915
2329
1920
1967
2106
1393
1452
2023
1294
2510
775
1171
944
1194
745
1243
2282
148
46
1394
2101
2031
220
702
211
662
2619
1227
1431
378
2168
1720
2635
1787
191
91
822
2423
679
2385
2004
1853
2472
2603
772
452
1858
2257
1213
2076
810
2082
534
365
127
1176
2714
649
180
2403
459
882
1273
1467
2233
69
1002
2206
669
267
496
2712
2183
2080
2778
1638
2491
1412
1347
2526
1511
1987
716
1444
1565
843
2012
348
2043
603
951
2000
1612
1274
1279
2683
2606
909
2631
2132
2271
1642
2078
2027
1749
573
938
767
407
533
2395
1745
893
889
2648
1656
247
2500
2593
258
675
619
737
871
1068
1647
194
703
1620
1557
1624
335
16
2309
1601
1040
1637
2554
171
783
1136
1207
439
287
2629
2392
2336
1390
2585
2280
1911
234
28
2674
1817
1683
2487
1340
1424
190
1255
2650
926
2447
918
269
2135
419
1595
740
1895
1241
44
1795
1363
2480
2113
1577
1082
643
140
2661
389
1285
1619
1934
1360
163
1439
1240
2020
1775
2512
527
941
1831
895
1528
2435
414
761
126
1571
1725
446
1887
15
927
359
2261
877
1866
1199
1104
704
735
156
651
2171
2324
394
1719
312
1588
2543
1011
1796
736
1734
1257
289
2697
902
813
1784
2425
1314
1368
1567
434
306
1178
2739
1143
1473
1428
314
1845
2744
1965
1239
2124
1600
2209
1455
851
1140
499
2760
396
237
329
965
45
2354
102
2699
2127
2513
1690
1759
457
2221
2386
357
1426
2555
1830
694
2111
94
458
789
2748
1117
1816
1518
478
1686
401
1948
260
1445
1504
1525
2659
602
363
2757
1585
1678
2560
2269
1576
2546
1891
1139
1958
1477
398
454
1070
835
503
2087
1604
2528
512
2572
691
1281
210
370
1629
1047
2531
1146
1157
2301
2589
1524
2752
1992
37
2495
1254
872
2092
2302
1025
1631
1460
885
583
788
1197
1512
114
2037
892
929
1696
1695
2070
2565
1120
1055
758
2177
1841
787
517
129
824
811
2725
449
169
559
1316
1800
2452
95
1386
747
1468
601
1569
154
1308
962
2399
2178
549
1434
2693
785
1129
1080
2044
1807
714
2730
2256
809
1021
1860
1155
2662
279
296
1392
323
58
64
1218
2003
1201
2185
1195
1461
2062
1535
2680
1559
1711
39
2274
1230
2230
1782
1857
2235
558
1125
839
2293
1673
2591
85
1215
2094
2707
1960
778
2415
233
2552
330
1768
1813
2296
2110
2194
1138
97
172
1420
2204
2657
2430
605
1107
2340
1300
2616
782
71
2214
2773
2738
799
1893
717
2708
1697
1494
633
160
119
2429
1265
1501
1030
1398
903
2559
2493
422
1183
2634
1410
1487
2026
111
18
483
222
968
626
1996
957
1422
322
627
75
1645
2109
2729
940
35
2380
158
150
581
2411
826
2431
2223
81
2614
376
770
2750
2219
2311
2112
1709
2042
59
1825
2545
1710
1035
1382
2028
1237
604
2129
1657
212
1951
1550
575
1591
987
798
1049
1880
1502
1989
1877
2711
991
1378
2604
2096
1943
1267
231
1649
1931
2048
2333
921
2054
2165
1345
1885
2058
1570
1405
2454
773
1156
2582
405
1127
1253
2326
1863
2141
1833
1578
2259
2445
1862
1938
1222
1804
2125
2401
1159
2637
100
1124
50
582
256
1153
818
2518
2363
2321
928
1244
1985
1102
90
2186
2456
433
2618
615
2481
52
393
699
1840
674
442
1801
1826
2465
870
1093
2300
1000
2664
197
2068
617
2236
823
1389
1766
2242
1210
2040
248
552
2762
429
48
108
170
192
1321
2721
1751
1173
2217
1660
2525
7
667
1587
445
436
82
115
1675
1672
1623
1658
2316
1296
29
2489
277
1541
932
1582
890
1144
1786
2079
12
1653
1370
886
2736
200
2245
2345
2570
2561
1798
1748
881
271
377
2539
2361
1738
263
661
2605
1282
118
1976
400
901
310
1908
63
2252
2313
848
1944
128
1391
2205
1087
107
2069
1415
1067
814
2193
311
2551
268
344
353
2275
755
1621
2108
2368
580
2210
801
707
2719
1181
1491
1205
2485
2397
1553
1562
1101
2765
567
2339
2564
1722
2201
1664
635
1986
2769
1497
548
435
8
1225
364
1580
385
1318
1548
1172
2164
845
2636
2595
1932
1217
2682
1752
2427
1141
1224
1050
2590
2588
1496
208
1687
532
1575
395
2367
1317
1997
327
21
1475
1698
2676
182
1627
563
2089
1753
1142
184
1337
379
2575
1406
1514
589
990
1881
756
1209
235
2215
768
677
2700
2467
1544
70
981
1190
1555
423
2517
875
723
1247
1995
1788
1999
66
2052
2498
49
769
588
2601
1191
710
1630
2175
117
443
2460
621
331
1727
1292
1947
1287
1488
2651
2641
569
1950
2029
138
276
251
2013
2035
2088
1432
519
1668
996
1769
2176
1820
465
1204
1721
1286
451
1289
432
1478
1851
2469
1435
252
324
2095
139
2019
2632
2474
850
2244
2609
2334
640
133
1100
973
2212
5
255
285
1008
1132
1160
1661
1352
2468
993
412
265
1418
2772
2673
1231
2294
2678
2740
749
840
1984
155
1023
689
2716
1733
1740
2654
2686
1774
800
587
842
1822
933
105
844
1723
815
2139
1770
781
908
80
509
185
1785
753
2571
2672
1013
2369
298
1400
713
905
1131
2400
216
2047
806
2330
2464
1304
2466
2346
2534
103
2091
1339
2527
1614
1396
204
1993
874
1732
2420
402
2337
803
1371
771
34
480
2473
1248
1789
264
2439
299
744
1307
137
2306
1744
540
1670
26
2118
1961
1741
366
441
701
2342

1
1
1
2
2
3
2
1
1
1
2
1
1
1
1
2
1
2
1
2
2
1
2
1
1
2
1
1
1
1
1
1
1
1
1
1
1
2
2
1
1
1
1
1
1
1
1
1
1
2
1
1
1
2
2
2
1
1
1
1
1
1
2
1
1
1
1
1
1
1
1
1
1
2
1
1
1
1
1
2
2
1
2
2
2
1
1
1
1
1
1
2
2
2
1
1
2
1
1
1
1
1
1
1
1
1
1
1
1
1
2
1
2
1
1
2
1
1
2
2
2
1
1
2
1
1
1
1
1
2
1
1
2
2
2
2
2
1
1
1
1
1
3
2
3
2
1
2
2
1
1
1
1
3
2
1
1
1
1
1
1
1
1
2
1
1
1
1
2
1
1
1
2
1
2
2
1
1
2
1
1
2
2
1
1
1
2
2
1
1
1
1
1
1
1
1
1
2
1
1
1
1
1
1
2
2
1
1
1
1
3
2
1
1
2
1
1
1
3
2
2
2
2
2
2
2
1
1
2
1
1
1
1
1
1
1
1
1
1
2
1
2
1
1
2
1
1
1
1
1
2
1
2
2
3
2
3
2
3
3
3
2
1
1
1
1
1
1
1
1
1
1
1
1
1
1
1
1
2
2
2
3
2
1
1
3
2
3
2
1
2
1
2
2
1
2
1
1
1
1
1
1
1
1
1
2
2
1
1
1
3
2
2
1
2
2
1
1
1
1
1
2
1
1
1
1
1
1
2
1
2
2
2
1
1
1
1
1
1
2
2
1
1
1
1
1
1
2
1
1
1
1
1
2
1
1
3
2
1
1
1
1
1
1
1
1
1
1
1
2
1
1
1
1
1
1
1
1
1
2
1
1
1
1
2
2
2
2
1
2
1
3
3
2
1
2
1
2
2
2
1
1
1
1
1
1
2
3
3
2
1
2
1
1
1
1
1
1
1
2
4
3
3
2
1
1
1
1
3
3
2
2
2
1
2
2
1
1
3
2
2
1
1
1
1
1
2
1
1
2
1
2
1
2
1
1
1
1
1
1
2
2
1
1
1
1
2
1
2
1
1
1
1
1
1
3
2
1
1
1
2
1
1
1
1
1
2
1
1
1
2
1
1
1
2
1
1
1
2
1
2
1
1
1
1
2
2
1
1
1
1
1
2
1
2
4
3
2
2
1
1
1
1
1
1
1
1
1
1
1
1
1
1
1
1
1
1
2
1
1
1
1
1
1
1
1
4
3
3
2
1
2
1
2
2
1
1
1
2
1
2
3
2
1
1
1
1
3
3
2
1
1
2
1
2
1
1
1
1
1
2
2
1
1
1
1
1
1
1
1
2
2
1
1
1
1
1
2
2
1
2
2
1
1
1
1
1
1
1
1
3
3
2
1
1
1
1
1
1
1
2
2
2
1
1
2
1
2
3
2
2
2
1
1
1
2
1
3
2
1
1
1
1
1
1
2
1
1
1
1
1
1
1
3
2
2
1
1
2
1
1
1
2
2
1
2
1
1
1
1
1
1
2
1
1
1
2
3
2
1
1
1
1
1
1
1
1
1
2
2
2
1
2
1
1
1
3
3
3
2
1
1
2
1
1
1
1
1
2
2
1
1
2
1
1
1
1
1
2
2
2
2
2
2
1
1
2
3
3
2
1
1
4
3
2
2
2
1
1
1
1
1
1
2
1
1
1
2
1
1
3
4
3
2
1
2
1
1
1
1
1
2
2
1
1
1
2
2
1
2
1
1
2
2
1
1
1
1
1
1
1
1
1
1
1
1
1
1
1
1
2
1
1
1
2
1
2
2
2
2
1
1
1
1
1
1
1
1
1
1
1
1
2
1
2
1
3
2
1
1
1
1
2
1
1
1
1
1
1
2
3
2
3
3
2
2
1
2
2
1
1
1
1
1
1
4
3
2
2
2
1
1
2
2
3
2
1
1
1
2
1
1
1
1
1
2
1
2
2
2
1
2
1
1
4
3
2
2
2
2
1
1
2
1
1
2
1
1
1
1
1
1
1
1
1
1
2
1
2
1
1
2
2
1
1
1
1
1
1
1
1
1
2
1
1
1
1
2
1
1
1
1
1
2
1
1
1
1
1
1
2
3
3
2
2
1
1
1
1
1
1
4
3
2
3
2
1
1
2
1
2
2
1
1
2
2
1
1
1
1
1
1
1
2
1
1
2
1
1
1
1
1
1
1
1
1
1
2
1
1
1
1
1
2
1
2
2
1
1
1
1
1
1
1
1
1
2
1
1
1
1
1
1
1
1
2
1
3
2
1
2
1
1
1
1
1
1
1
1
1
2
1
1
1
1
1
1
1
1
1
1
1
1
2
1
1
1
2
1
1
1
1
2
2
2
1
1
1
1
2
2
2
2
1
1
1
1
1
1
1
2
2
1
1
1
2
1
1
1
1
2
2
3
3
2
2
1
1
3
4
3
2
1
1
1
1
2
2
1
1
1
1
1
1
1
1
1
1
2
1
1
1
2
1
1
1
1
1
1
2
1
1
2
1
1
1
1
1
1
1
2
2
1
2
1
1
1
1
1
1
1
1
1
1
2
1
1
1
1
1
1
1
2
3
3
3
2
1
1
1
1
1
1
1
1
1
1
2
2
2
1
1
1
1
1
1
1
1
1
2
1
1
1
3
2
1
1
1
1
1
2
1
1
2
1
1
1
1
1
1
1
1
1
1
3
2
1
1
1
3
2
1
1
1
1
1
1
2
1
1
1
1
2
1
1
3
2
1
1
1
1
1
1
1
1
1
1
1
1
2
1
1
2
1
1
3
2
1
1
1
1
1
1
1
1
2
1
1
1
1
1
1
1
2
2
2
2
2
1
1
1
1
1
1
1
3
2
1
1
1
1
1
2
1
2
2
1
2
1
1
1
1
1
1
1
2
1
1
1
1
1
2
2
1
2
2
1
1
1
1
1
3
3
2
2
2
2
1
1
1
1
1
1
1
2
1
1
1
1
1
1
1
1
2
1
1
1
1
1
1
1
2
2
1
1
1
1
1
1
1
1
2
1
1
1
1
1
2
2
1
1
1
2
1
1
2
1
1
1
2
1
1
2
1
1
2
1
1
1
1
1
1
2
2
1
2
1
3
2
2
1
1
1
1
2
3
2
1
1
3
2
1
3
3
2
1
1
2
1
1
1
1
1
1
2
1
2
1
1
2
1
2
1
2
1
1
1
1
1
1
1
3
2
1
2
1
2
1
2
1
1
1
1
1
1
1
1
3
3
2
1
1
1
3
2
1
2
2
2
1
1
2
1
2
1
1
2
1
2
2
3
3
2
1
1
2
1
1
1
1
2
2
1
1
1
1
1
1
1
2
1
2
2
1
1
1
1
1
1
1
1
1
1
2
2
3
2
1
1
1
1
1
1
2
1
2
1
2
1
2
1
2
2
2
1
2
1
2
1
1
1
1
1
1
1
1
2
1
1
2
1
2
1
2
1
1
1
2
1
1
1
2
1
2
1
1
1
2
1
1
2
3
2
2
4
4
3
2
2
1
1
1
2
2
1
1
1
1
2
1
1
1
2
1
1
1
4
3
2
1
1
2
1
1
1
1
2
1
2
1
1
1
2
1
2
1
2
1
2
1
1
1
2
1
1
2
1
2
2
2
1
1
1
2
2
2
1
1
1
1
1
1
1
2
2
1
1
2
2
1
1
1
2
2
1
1
1
1
2
3
3
2
1
1
3
2
2
1
1
1
2
1
1
1
1
3
2
1
1
2
1
1
4
4
3
2
2
1
2
1
2
1
1
3
2
1
1
2
2
1
1
1
2
1
1
2
1
1
1
1
1
1
2
2
1
3
3
2
1
2
2
2
1
1
1
1
1
1
2
1
1
1
2
1
2
1
1
1
1
3
3
2
2
1
1
2
3
2
1
2
2
2
1
2
2
2
1
2
2
1
1
1
1
2
1
1
1
2
1
1
1
1
1
1
1
2
1
1
2
2
1
1
1
1
1
2
1
1
1
1
1
3
2
1
1
1
1
4
3
2
2
1
2
1
1
1
1
1
1
1
1
1
2
1
2
2
2
1
1
1
1
1
1
2
1
1
1
1
1
1
2
2
1
1
1
1
2
1
1
2
1
1
1
1
1
2
2
1
2
1
2
2
1
1
1
1
1
1
1
3
2
2
2
2
2
1
2
2
1
1
1
1
2
1
1
1
1
1
1
3
3
2
1
1
1
2
1
1
1
2
1
1
1
1
1
1
2
2
1
2
1
1
3
2
1
1
1
1
2
1
1
1
1
3
2
1
1
2
2
1
2
2
3
2
1
1
4
3
2
1
2
1
1
1
1
2
1
1
2
1
1
2
1
1
1
2
1
2
1
2
2
1
1
1
1
2
1
1
1
2
2
2
1
1
2
1
1
2
1
1
2
2
1
1
1
1
1
1
1
1
1
1
1
2
1
2
2
1
2
3
2
2
1
1
1
1
1
1
1
2
2
1
2
1
1
3
2
1
1
1
1
1
1
2
2
1
2
1
1
2
2
1
1
1
1
1
1
1
1
3
3
4
3
2
1
1
2
2
1
1
1
1
1
1
1
3
2
1
1
2
3
3
2
2
1
1
1
2
1
1
1
1
3
2
2
1
1
1
1
1
1
1
1
1
1
2
1
1
3
2
2
1
1
2
1
1
2
2
2
1
1
1
1
2
2
1
2
1
1
1
1
1
1
1
2
1
1
1
1
1
1
1
2
2
1
2
1
1
1
1
3
2
2
2
1
1
1
1
1
1
1
1
2
2
1
1
1
1
1
1
1
1
1
2
1
1
2
2
1
2
1
1
1
1
2
2
1
1
1
2
1
1
1
2
1
2
1
3
2
2
2
1
1
2
1
1
1
3
2
2
1
1
1
1
3
3
2
1
2
1
2
2
1
2
1
2
1
1
1
1
1
2
1
2
1
3
2
1
2
1
1
1
1
1
1
1
2
2
1
1
1
2
2
2
2
1
1
1
1
2
1
1
2
1
2
1
1
1
1
1
2
1
2
1
2
1
1
2
1
1
1
2
1
1
1
3
2
1
1
2
2
2
2
3
2
2
1
2
1
2
2
1
1
1
2
1
1
1
3
4
3
2
1
2
1
3
2
1
1
1
2
1
1
2
2
1
1
2
1
3
2
2
2
1
1
2
1
1
3
2
1
1
2
3
3
3
2
1
1
2
1
1
1
1
1
2
2
1
1
3
2
2
2
1
2
2
2
2
1
2
2
3
2
1
1
1
3
3
2
1
2
1
1
1
2
2
1
1
1
3
2
1
2
1
1
2
1
1
2
1
1
2
2
1
2
2
1
1
3
2
1
1
1
2
1
1
2
1
1
2
2
1
2
2
1
1
2
1
3
2
2
2
1
1
2
1
2
2
2
1
3
2
1
1
1
1
1
1
2
2
1
1
2
1
1
1
1
1
1
1
1
1
1
1
1
2
1
1
2
1
1
1
1
3
2
1
1
2
1
1
2
2
2
1
1
1
2
2
2
1
1
1
1
3
2
1
2
2
2
2
3
2
2
2
1
1
1
2
1
1
1
1
1
1
1
1
1
2
1
2
3
3
3
2
2
1
1
1
1
1
2
2
1
2
1
1
1
1
3
3
4
3
2
1
1
1
1
1
1
1
1
2
2
1
1
1
1
1
2
2
1
2
1
1
1
1
1
1
1
1
1
1
1
2
1
1
2
1
1
1
1
1
1
1
3
2
2
2
2
2
2
2
1
1
2
2
1
1
1
1
1
1
1
1
1
1
1
1
1
1
2
1
1
2
2
1
2
2
2
1
1
1
2
1
2
1
1
1
1
2
2
1
1
1
2
1
1
1
2
1
1
1
1
1
1
1
2
3
2
4
3
2
1
1
2
2
1
2
1
1
2
1
2
1
2
2
2
2
3
2
1
1
1
1
1
1
1
2
1
1
1
1
2
1
2
2
2
2
1
1
1
1
1
2
1
1
1
3
2
1
1
1
1
1
1
2
1
1
1
1
2
3
3
3
3
3
2
2
1
1
2
1
1
1
2
1
1
1
3
2
2
1
1
2
1
1
1
2
1
3
3
2
1
3
2
2
1
1
2
1
2
1
2
2
3
2
2
1
1
1
1
1
2
1
2
2
1
1
1
1
1
1
2
1
1
1
1
1
2
1
1
1
1
1
2
3
2
1
1
2
2
1
1
1
1
2
2
1
1
1
1
3
3
2
1
1
1
1
3
2
1
2
2
1
1
1
1
2
1
2
2
1
1
2
1
2
1
1
1


