1000
133 1440
624 1784
535 1187
1381 1618
1498 1501
724 1640
1869 1872
1081 1426
613 1445
1728 1729
168 169
853 1606
1853 1854
35 36
1504 1505
66 1865
1395 1398
1091 1092
718 1540
1370 1751
85 86
13 1562
764 1363
1689 1690
83 1268
1624 1625
1214 1215
1789 1790
982 1917
1873 1878
186 216
110 111
235 236
1192 1605
1029 1032
1309 1881
878 879
71 72
1627 1628
898 1895
155 156
1260 1261
1066 1831
1322 1323
1642 1645
1918 1919
1481 1482
696 1055
1034 1372
1467 1468
551 776
1282 1926
1198 1201
1181 1423
1175 1176
714 1328
1106 1107
1245 1246
947 1425
482 483
511 1327
816 817
1612 1613
183 783
1017 1020
499 1556
1048 1049
1541 1542
1225 1591
960 961
1353 1838
1041 1042
5 1659
82 1159
1748 1749
1616 1782
1706 1842
789 790
1411 1718
1056 1744
1054 1479
627 1510
128 129
1846 1847
1067 1068
1103 1714
1320 1321
314 1267
160 1989
1933 1934
392 1746
1821 1822
1679 1680
792 1374
489 490
595 638
205 1097
242 705
1565 1566
368 1243
1317 1350
212 937
1046 1047
165 166
694 695
985 986
1573 1574
1152 1155
384 385
610 793
1064 1065
918 1696
1715 1716
55 1791
1692 1921
426 966
1633 1634
247 582
824 825
1062 1732
1173 1174
1863 1864
201 1594
1408 1409
1344 1345
599 600
1543 1544
1014 1412
1206 1813
39 1458
837 838
1196 1197
1183 1190
393 1023
355 369
625 626
1122 1123
1185 1364
950 951
1758 1759
113 116
253 254
270 1289
900 1520
1244 1247
451 452
239 240
449 450
942 945
294 295
503 1090
1191 1850
349 1380
122 336
1893 1894
330 1148
1802 1803
360 361
341 1376
237 1736
563 564
215 367
1021 1436
981 1285
809 810
1978 1981
484 491
1708 1709
1523 1526
174 693
445 1421
420 1368
248 1142
1582 1990
663 1343
1447 1448
245 433
737 1002
1622 1909
1643 1644
403 516
1074 1077
278 285
859 1775
1598 1599
11 12
315 318
1058 1059
42 587
847 1313
526 763
104 107
927 1592
407 408
29 1947
306 1256
1623 1626
621 622
496 497
658 933
1004 1005
1237 1943
91 94
893 896
479 480
427 1115
919 1088
1527 1530
1584 1585
1999 2000
959 1497
1484 1485
685 1581
588 591
1126 1209
1678 1681
1269 1539
1073 1078
1283 1284
1698 1699
498 1535
1153 1154
228 229
546 1733
137 138
1130 1922
1060 1349
532 533
1545 1546
1012 1013
508 550
327 962
603 604
246 1369
580 1575
153 968
309 1953
509 1113
109 1760
870 1351
49 232
639 1015
1129 1752
370 371
540 676
801 804
1486 1684
1164 1165
222 223
1756 1925
1079 1080
864 865
1264 1962
1675 1676
292 1774
958 967
632 633
1996 1997
154 159
648 649
738 767
178 818
218 1248
765 1472
972 973
796 797
453 674
162 167
871 1419
772 773
422 1096
708 709
1965 1966
717 897
657 1279
123 628
623 1040
922 1379
585 1061
10 1901
1587 1963
1560 1839
1384 1385
105 106
1979 1980
1217 1220
389 1346
890 891
1025 1026
149 150
605 1387
988 1885
689 1303
30 31
1777 1778
920 921
1944 1945
1866 1867
872 1536
510 1776
666 1830
1725 1730
415 1762
1355 1356
1968 1969
68 339
1149 1150
1111 1444
1306 1307
1036 1576
1670 1673
1009 1691
176 177
1204 1205
534 1816
1991 1992
184 185
243 1274
788 791
940 1233
100 101
1257 1258
95 98
836 1757
311 363
1734 1959
1723 1724
1432 1433
1392 1474
706 707
471 762
293 594
727 1417
1610 1611
597 656
636 989
217 665
345 1761
170 1186
1375 1632
286 287
192 193
92 93
352 1652
390 1446
1208 1890
436 1654
413 1050
409 412
752 1741
629 630
1100 1101
1886 1887
515 579
823 1087
67 1230
439 495
319 1457
611 1700
238 1639
442 443
321 1547
196 197
1619 1717
690 1352
1773 1852
1396 1397
188 191
1528 1529
720 899
1915 1916
257 1410
523 524
1563 1564
934 1832
710 1456
680 1666
410 411
56 454
831 1169
320 470
26 1785
143 144
868 869
446 1593
175 849
721 971
307 308
1911 1912
114 115
1292 1293
386 1843
576 1024
269 1391
1127 1128
1589 1788
644 1007
544 545
1052 1207
423 1796
4 806
1595 1600
1453 1454
964 965
416 417
421 1533
271 1195
1325 1765
161 1147
283 284
562 1431
1051 1242
1240 1975
1772 1985
24 25
1182 1786
1386 1735
142 987
887 1000
684 1767
828 829
750 751
519 520
1951 1952
485 486
1437 1438
1452 1455
618 619
1834 1835
48 304
43 333
377 378
969 970
322 1531
1290 1291
943 944
362 913
447 1937
163 164
991 1889
118 1569
1359 1360
1339 1342
1119 1120
108 1114
583 1478
1272 1936
487 488
340 1602
1112 1170
1502 1849
1590 1651
634 635
1809 1812
1082 1538
157 158
1516 1923
103 1738
358 909
1400 1401
1354 1851
994 995
916 1657
441 444
917 1932
794 955
90 99
1314 1833
474 475
1098 1232
784 1277
1131 1848
1137 1160
1487 1814
1310 1840
78 742
998 999
711 1707
502 1914
2 1333
1405 1406
608 912
202 1534
1465 1466
1686 1920
612 974
1161 1162
288 291
226 1514
1588 1737
1859 1860
34 346
1366 1367
570 571
75 860
1347 1348
1898 1899
1143 1144
840 843
1330 1880
1905 1906
1442 1443
1299 1300
210 1512
1939 1940
735 736
1382 1383
753 754
74 1125
715 716
1281 1629
6 7
673 1804
1218 1219
96 97
58 1373
1399 1402
194 741
1377 1378
179 213
481 1948
692 1476
904 905
476 1910
1163 1817
667 668
148 1511
76 77
255 256
353 354
387 388
1702 1998
876 1949
682 683
1960 1961
745 746
976 977
547 548
1424 1766
662 761
1586 1818
615 1016
787 1229
404 1954
1030 1031
1038 1039
862 885
1668 1677
224 225
669 1964
1010 1011
302 303
428 1213
1641 1650
1135 1136
250 251
1797 1800
779 780
221 1768
313 903
281 282
832 833
1907 1908
691 1658
802 803
769 1273
139 140
1524 1525
477 478
261 1710
983 984
51 63
725 726
119 892
312 1495
1682 1841
380 383
732 733
771 923
1086 1329
289 290
1957 1958
573 1477
1193 1194
102 1580
1295 1296
873 874
1324 1418
1798 1799
22 23
1897 1900
1 1660
1607 1608
429 640
64 518
671 672
437 808
1769 1770
219 220
198 614
1603 1604
755 756
1941 1942
81 805
1156 1828
1199 1200
1071 1407
459 1904
1891 1892
757 1902
938 939
379 1977
507 1685
180 181
1669 1674
1492 1661
766 1413
88 89
1836 1837
812 1266
739 1305
1747 1982
830 844
1630 1631
1792 1793
18 1701
1420 1697
69 1503
975 978
679 1335
743 1903
578 1416
1779 1913
1429 1430
27 1001
730 731
145 146
1499 1500
14 1462
455 456
941 946
1180 1227
517 1221
601 1278
744 875
854 855
1719 1720
1118 1393
1362 1461
305 1099
655 1683
124 852
541 1228
592 593
214 1338
189 190
172 173
609 1559
414 848
596 1211
461 462
1301 1302
230 1787
40 41
1188 1404
902 1210
553 554
637 1216
747 1845
125 130
1311 1601
1045 1189
722 1883
61 62
334 1740
265 268
1202 1561
786 1422
894 895
1139 1994
584 1896
1390 1568
458 1515
1304 1428
1518 1519
1027 1028
1340 1341
1145 1146
1332 1801
1095 1394
778 1357
556 1427
1083 1435
279 280
112 117
568 569
376 758
244 1203
795 798
1184 1927
1057 1212
418 1441
799 800
712 1035
1414 1415
677 678
350 351
65 1109
956 957
52 53
1239 1286
1726 1727
1753 1754
914 915
882 1938
512 513
504 1615
234 681
1157 1158
1973 1974
1664 1665
57 1434
8 9
1450 1451
528 529
654 1022
770 1403
1252 1253
316 317
259 260
826 827
211 299
209 1924
1687 1688
359 1829
1138 1280
328 1555
187 861
928 929
924 990
3 1579
464 1653
19 463
768 1567
834 835
935 936
1318 1319
560 1037
549 925
1570 1571
249 252
493 494
54 1234
492 775
698 699
1177 1315
1824 1825
1102 1168
434 1955
1794 1795
1583 1771
525 1331
275 276
561 1739
1496 1950
438 1755
1819 1820
272 1371
589 590
719 1063
1334 1471
514 1141
700 701
419 1493
1171 1172
930 931
1646 1649
310 335
785 1288
372 1072
233 344
567 1693
472 473
28 1712
199 200
1874 1875
845 846
241 911
399 400
697 1316
331 332
606 607
1637 1638
703 704
813 814
1620 1621
857 1044
448 1265
264 1326
468 469
1140 1703
1298 1844
396 397
729 1537
1178 1179
558 559
391 430
273 274
1365 1475
1251 1254
598 1255
59 60
405 406
602 820
206 1636
1018 1019
617 1287
1262 1263
661 863
1033 1275
1464 1815
1609 1884
1928 1929
952 1532
1089 1988
381 382
431 432
1134 1517
435 616
394 395
645 1053
20 21
1550 1551
1745 1857
850 851
723 1241
538 1105
1008 1494
1967 1972
1270 1271
151 152
342 586
337 338
777 910
888 889
323 326
207 208
134 141
557 728
147 1312
1132 1133
963 1946
424 425
262 263
539 907
908 1695
1671 1672
659 660
1704 1705
135 136
536 537
365 366
1459 1460
1731 1882
1553 1554
457 1783
373 374
1983 1984
347 348
70 73
1235 1236
807 1121
258 858
1557 1558
343 1043
1970 1971
182 811
506 1449
650 653
1930 1931
195 527
821 822
572 1226
1807 1808
642 1858
15 996
1166 1167
500 501
1294 1297
1655 1656
886 1473
926 1308
1116 1117
948 949
300 301
126 127
440 1110
839 1104
877 880
79 80
324 325
565 566
298 1259
1093 1094
32 33
651 652
688 815
375 1868
1577 1578
1763 1764
856 1470
1870 1871
675 1463
1805 1806
574 575
759 760
356 357
364 398
120 121
44 1879
1810 1811
1522 1861
866 867
530 531
641 1635
1224 1552
953 954
620 1986
1084 1956
643 1694
227 774
203 204
781 1469
45 46
1780 1781
1069 1070
1742 1743
1388 1513
131 132
37 38
1826 1827
1876 1877
505 1238
997 1987
646 647
296 297
993 1667
329 1823
1596 1597
266 267
401 402
542 543
47 277
1572 1993
1750 1935
1490 1491
841 842
16 17
670 1617
819 1124
84 87
581 992
521 522
552 555
577 906
231 1439
1480 1483
1003 1006
50 1151
979 980
664 740
713 1389
1521 1862
1888 1976
1075 1076
748 749
702 881
1249 1250
1488 1489
1721 1722
686 687
1548 1549
171 1711
734 1713
1336 1337
1358 1361
1855 1856
782 901
460 631
465 466
1508 1509
1647 1648
467 932
1506 1507
1222 1223
1231 1995
1276 1614
883 884
1085 1108
1662 1663

708237824


