1000
235 489
140 1139
768 769
1876 1877
1405 1430
1452 1453
164 1855
883 1109
1493 1494
1334 1528
735 1110
1721 1961
502 1875
756 757
29 792
516 517
1652 1653
15 16
162 1540
379 620
737 1490
1708 1709
610 611
1557 1558
1584 1585
1368 1369
1431 1432
232 411
1611 1614
1989 1990
1378 1383
1246 1249
174 1286
1012 1111
258 259
291 1386
1183 1184
1684 1685
437 987
1816 1817
1295 1296
436 1312
287 1402
1048 1049
1697 1698
355 1828
113 114
587 1082
814 1849
721 1181
366 1531
67 794
1651 1654
1645 1646
375 989
51 990
785 790
231 1958
1158 1159
1175 1176
1294 1880
1545 1550
1860 1861
28 759
1437 1920
718 967
125 126
936 937
84 1078
764 765
439 644
1361 1362
426 1910
1195 1749
1028 1029
976 979
1321 1322
388 1702
1607 1608
254 255
977 978
1207 1208
1771 1774
1991 1994
1381 1382
382 1615
618 1008
956 957
352 1036
192 1285
844 845
1475 1476
298 534
1094 1750
1632 1821
240 241
892 893
875 1070
1800 1801
285 1148
1553 1554
1178 1965
73 74
1589 1590
556 557
85 92
607 1978
732 1134
325 326
1192 1193
540 1330
246 247
476 1010
1222 1223
363 364
862 865
778 779
1092 1157
1665 1666
71 72
54 1587
191 1693
1819 1820
1764 1767
1947 1950
689 692
1641 1851
628 629
515 1267
891 1845
438 738
1019 1024
1411 1911
514 896
11 1742
188 189
312 315
542 543
391 500
79 940
679 680
1265 1783
775 776
421 422
960 961
139 1593
535 536
572 573
365 369
1459 1460
1169 1957
1422 1423
849 1496
6 1166
840 841
440 994
584 1485
429 1202
169 170
1871 1872
117 1710
442 443
1974 1975
106 1003
1117 1118
1468 1618
1 2
487 488
1393 1396
1147 1149
279 280
1300 1301
224 1826
463 803
531 532
362 495
82 1326
50 1848
1524 1525
541 823
1043 1929
274 1921
1002 1713
835 836
698 1154
701 702
847 848
1690 1691
1473 1474
416 419
1753 1754
428 1025
215 216
954 955
460 461
196 654
605 606
100 1126
777 992
919 920
1464 1854
1161 1162
555 1726
1397 1759
1087 1802
157 1477
19 20
1097 1098
767 894
321 1016
713 716
827 1072
1451 1454
329 1081
999 1568
462 808
577 928
431 432
695 696
722 723
911 1299
116 1609
380 381
1462 1601
800 801
997 1116
819 822
1318 1482
109 110
130 131
930 1481
1269 1270
1649 1741
1419 1420
670 671
705 1215
492 493
342 1357
985 1596
345 1014
1728 1729
175 1803
1580 1964
1335 1336
943 944
252 562
343 344
1768 1769
690 691
1746 1933
1678 1679
763 798
300 898
575 576
262 263
1399 1602
458 1234
1163 1164
1546 1549
824 825
1034 1035
328 1863
1040 1792
1738 1745
714 715
1456 1461
1289 1619
652 653
456 1963
655 1896
596 1680
528 1988
736 1519
59 60
962 963
1813 1814
868 949
582 1658
850 851
1581 1737
753 754
1675 1676
676 1779
837 1115
1668 1671
39 40
830 1091
570 1491
1469 1470
236 1333
310 311
7 1850
1309 1310
1083 1086
383 384
63 64
1413 1414
204 205
1200 1201
1521 1522
1569 1805
303 304
351 1264
1479 1480
176 177
1887 1888
813 947
948 1039
1015 1198
286 666
405 665
591 1526
917 918
1562 1563
1266 1795
513 1281
1271 1363
1946 1951
1276 1529
1291 1391
359 1999
1830 1868
563 1527
45 237
8 339
1620 1874
136 750
1881 1884
32 142
1319 1320
17 18
1547 1548
571 574
270 271
1254 1255
1465 1466
1341 1424
103 104
564 565
879 880
1253 1903
1807 1808
198 199
376 1244
1941 1942
184 1188
1011 1135
733 1599
1351 1707
41 1642
560 561
623 624
770 771
1260 1261
726 727
226 991
334 589
1394 1395
1210 1686
466 467
1352 1353
1343 1346
1220 1221
275 632
397 398
55 197
123 1001
1438 1439
242 1236
120 121
817 916
1418 1421
820 821
1681 1682
147 148
257 1945
1171 1174
1765 1766
968 1914
519 1463
87 88
1788 1789
806 807
899 900
592 593
206 1592
874 1781
313 314
496 497
269 762
1180 1556
253 1044
1583 1586
1305 1763
218 219
857 858
905 1288
21 1325
1787 1790
881 1050
1187 1711
1916 1917
958 1119
1189 1190
1120 1121
1203 1204
451 452
346 349
1212 1213
1127 1128
1486 1487
856 859
742 743
1775 1776
202 1700
786 787
1450 1478
1983 1986
1073 1152
1038 1778
1143 1617
441 444
410 1340
773 774
1242 1243
337 338
1278 1279
449 1079
969 1080
1610 1703
153 846
1603 1606
276 453
1973 1976
392 396
1026 1027
1360 1930
200 317
417 418
709 1576
212 213
353 354
132 133
926 1674
333 1108
137 567
210 1616
1385 1635
1503 1804
1659 1660
526 527
1992 1993
1054 1736
464 1572
186 187
625 626
1051 1052
13 1798
667 672
1643 1902
831 832
1731 1924
1448 1449
478 1730
910 1926
522 523
399 400
1205 1747
678 681
372 373
229 230
61 913
46 897
267 475
826 1329
423 424
1408 1409
966 1839
1009 1331
568 604
1228 1231
728 731
642 656
995 1927
597 1398
747 748
1370 1447
302 305
296 297
173 590
1948 1949
744 745
1099 1100
1704 1705
171 427
78 1760
1238 1239
214 217
537 545
1076 1077
1856 1857
1177 1901
256 1323
520 521
904 1471
201 818
360 640
1515 1516
1179 1523
1440 1441
454 455
581 1644
281 1144
829 1499
1410 1762
1532 1535
1373 1374
674 675
141 546
627 1712
1597 1598
158 1594
1636 1637
1327 1328
81 138
673 996
1823 1824
1283 1489
970 971
282 1740
1232 1233
876 1661
341 385
1899 1900
1155 1156
335 906
1509 1510
518 1105
159 160
481 599
30 31
923 1952
108 1724
1806 1873
294 295
387 1160
1339 1417
80 1219
852 1979
1030 1033
1748 1782
308 309
1772 1773
1104 1377
635 984
1084 1085
135 1621
1354 1647
498 499
1756 1757
569 1196
144 151
1258 1259
583 981
511 1582
867 1500
1153 1793
959 1197
1996 1997
1588 1591
307 1170
1302 1303
1237 1633
1669 1670
316 749
1542 1543
288 289
479 480
33 34
1055 1995
361 1446
588 1090
643 1566
1936 1937
293 755
1140 1897
1604 1605
616 617
1235 1434
972 973
538 539
530 659
377 1146
1005 1006
1101 1102
1045 1878
724 725
1250 1251
347 348
330 1075
1047 1505
233 1074
799 1317
1442 1443
1137 1138
378 1455
551 552
1812 1815
203 1165
156 838
434 601
1182 1502
869 870
168 688
1943 1944
393 394
1627 1628
886 887
1714 1715
1980 1981
1694 1699
107 1810
1655 1656
1062 1739
793 1037
889 890
283 284
97 1337
221 251
1063 1064
1882 1883
406 407
485 1982
854 993
403 404
901 1226
1020 1021
1342 1347
248 374
729 730
929 933
1667 1672
35 1168
430 1755
249 250
1344 1345
180 299
105 1925
1536 1825
1298 1811
1103 1555
277 278
292 1761
1533 1534
238 1719
1349 1350
124 909
1107 1504
445 1061
1457 1458
509 512
209 1007
1559 1677
1511 1514
491 494
1013 1287
945 1218
839 842
306 386
1722 1723
1885 1886
1716 1717
415 547
207 208
982 983
408 1634
1017 1799
1517 1518
1785 1786
1918 1919
24 1018
1066 1069
1938 1939
660 1400
663 664
740 1376
719 720
118 119
273 1579
1541 1858
998 1433
1403 1784
630 631
128 129
549 1282
594 595
1406 1407
950 1827
401 1483
780 1869
1031 1032
1612 1613
83 1530
484 1124
1315 1316
619 1867
646 746
863 864
265 266
433 1977
12 448
25 239
1122 1123
1959 1960
414 1915
402 548
234 1777
878 1262
181 1683
163 895
833 1650
739 1852
1263 1290
1512 1513
741 951
44 1199
1216 1217
301 1657
1056 1520
1150 1151
1835 1836
1308 1311
1695 1696
1172 1173
1940 1966
1211 1214
47 1809
65 66
1968 1969
946 1752
882 1662
1864 1865
952 953
482 483
101 102
1387 1390
486 1998
1638 1639
98 99
760 761
524 525
149 150
1067 1068
553 554
350 510
559 633
634 766
1840 1841
795 796
751 752
222 223
96 1427
1272 1273
1229 1230
409 873
3 938
161 1832
1348 1870
94 95
507 1567
1129 1130
367 872
1247 1248
185 710
166 167
1544 1862
1313 1314
781 784
48 1727
668 669
1796 1797
1065 1843
1732 1735
921 922
420 641
1057 1058
122 1428
1046 1268
621 622
931 932
1492 1495
505 506
459 533
1892 1893
178 179
782 783
1227 1663
648 649
243 244
5 1720
501 600
115 134
941 942
1706 1770
468 469
1388 1389
877 1240
902 903
647 650
603 1293
686 687
193 1488
1564 1565
1136 1252
871 1507
1552 1894
182 268
370 1371
1630 1631
93 1292
939 1071
272 980
1401 1506
503 504
613 614
585 586
10 490
165 964
389 390
1970 1971
637 1367
211 1241
685 1472
975 1853
974 1484
435 791
912 1141
290 1539
1000 1842
22 23
1955 1956
1379 1380
53 1837
1640 1791
811 812
327 566
26 27
471 472
371 1274
1908 1909
155 245
145 146
683 1758
1022 1023
1622 1623
1206 1209
609 612
319 320
734 1191
1425 1426
465 470
1898 1967
412 413
1416 1725
111 112
1112 1113
1953 1954
682 1132
260 261
888 1106
804 805
1355 1356
183 1225
1508 1889
425 1284
810 1907
1912 1913
1890 1891
1751 1829
336 1366
4 1275
152 1701
56 57
677 699
694 1392
447 1185
76 77
934 935
1733 1734
1306 1307
1256 1257
356 1324
1570 1571
578 579
914 915
450 1297
855 1142
772 1053
1435 1436
332 1372
986 1498
1133 1561
90 91
1818 1844
1194 1859
907 908
693 1838
340 651
195 558
86 89
706 758
684 1404
884 885
1041 1629
1338 1962
1931 1932
1280 1501
1093 1114
860 861
477 602
318 1575
866 1987
638 639
1560 1866
1332 1972
924 925
1059 1060
1688 1689
1718 1794
1664 1673
1743 1744
220 331
36 37
225 508
707 708
598 1600
194 657
834 1822
1444 1445
172 1412
14 1895
645 1415
358 809
49 395
227 228
1125 2000
1687 1692
190 1467
154 1304
788 789
636 1626
1833 1834
927 1780
323 324
697 1551
1904 1905
52 658
1145 1277
9 1224
815 816
661 662
1167 1384
38 580
1934 1935
1573 1574
1131 1429
700 703
1358 1359
70 1004
473 474
62 1879
1577 1578
75 802
368 446
357 1595
1365 1847
717 1364
1088 1089
544 1375
1095 1096
711 712
457 843
58 143
550 1928
608 615
529 1906
1984 1985
797 1846
965 1648
1624 1625
1245 1537
853 1497
127 264
1922 1923
988 1538
68 69
42 43
828 1186
704 1042
322 1831

17813504


