1000
109 277
22 1793
381 1493
388 389
552 1544
181 182
1492 1989
110 111
970 971
533 534
513 1455
1482 1483
417 1285
1220 1221
189 320
952 955
1189 1190
814 1211
621 1330
477 478
1725 1967
1994 1995
1517 1518
158 1456
782 783
318 319
1563 1564
1707 1832
749 750
961 962
757 940
669 670
230 539
1327 1770
837 838
1761 1762
1821 1822
1653 1654
323 1252
1705 1706
159 160
1505 1506
721 1091
52 471
126 1961
216 217
1199 1812
688 1163
577 578
834 1193
1629 1630
898 1569
429 430
1243 1244
264 1934
1274 1682
89 1524
128 1883
829 830
508 855
1217 1360
711 976
926 1440
425 426
464 1970
1641 1644
10 1068
39 249
1358 1359
200 780
743 1773
511 512
551 1727
428 432
503 1028
818 819
372 1026
260 1520
1649 1650
1992 1993
329 330
1984 1985
1522 1523
1950 1951
1 2
58 59
374 1343
11 14
736 1270
1798 1799
1117 1118
1278 1279
616 1949
347 858
738 1229
769 1281
698 1198
468 469
1162 1614
930 931
822 823
1422 1878
689 913
1606 1726
588 1304
1401 1404
497 498
1204 1205
100 1218
1006 1007
1802 1805
988 1533
314 1317
1191 1728
453 1262
369 1079
864 867
1914 1915
1013 1918
1369 1797
444 1579
29 1536
97 98
198 199
902 903
397 1830
993 994
1105 1106
1253 1254
1031 1032
1979 1980
1444 1445
676 679
934 1441
844 1535
523 1752
1213 1214
412 805
1661 1925
710 1282
1675 1676
8 1936
399 400
645 1880
46 257
236 363
519 727
809 919
704 705
456 457
853 854
1139 1708
520 1209
1094 1095
655 1347
358 359
66 557
145 146
53 56
894 895
532 1688
331 1453
915 916
1299 1850
364 793
348 351
289 1704
758 1683
327 328
606 607
235 241
386 995
1818 1819
927 1635
935 1566
299 1124
290 1666
1008 1973
1372 1373
1351 1585
1378 1379
550 1572
673 1817
540 541
476 917
1458 1760
1430 1431
1353 1354
1053 1382
1149 1152
1732 1737
115 116
164 811
1271 1272
1426 1427
1638 1639
1036 1037
1824 1825
485 684
41 315
460 461
677 678
271 1314
26 27
1047 1048
180 183
714 1498
1362 1363
446 447
91 795
283 1187
799 802
625 626
5 448
254 1166
6 1549
868 871
251 252
560 561
345 1991
287 288
510 1234
179 184
859 860
1567 1568
1153 1839
909 910
1499 1502
225 226
176 1443
585 1829
353 1652
1010 1011
774 775
1172 1173
80 81
974 1414
1586 1587
1740 1741
1847 1848
547 548
1406 1637
1479 1542
680 683
1715 1870
1021 1022
509 1774
1618 1986
925 1128
1748 1749
213 1631
1513 1514
423 424
923 924
502 1856
481 1889
724 725
1534 1576
657 658
563 1987
489 687
555 914
261 848
1061 1800
835 836
1133 1134
901 904
594 595
1481 1556
382 1619
442 443
239 486
30 413
1529 1530
302 1581
64 338
861 862
1851 1852
125 740
240 242
153 1020
278 852
1648 1955
600 1092
806 807
746 747
734 735
1820 1897
953 954
1319 1320
1375 1722
1269 1381
1573 1574
1744 1745
1561 1610
1511 1512
1067 1488
169 1231
1038 1039
1710 1711
1368 1686
1504 1507
492 1743
776 777
1024 1222
1509 1510
872 873
361 483
1276 1346
1723 1811
880 881
764 1942
943 1998
989 1871
845 1607
370 371
42 162
1442 1933
232 295
781 1988
243 1331
112 1721
379 380
305 306
760 1232
810 1515
1177 1178
718 1672
944 1849
1733 1734
507 1560
528 664
529 530
385 1853
300 301
796 797
262 263
93 1826
43 729
168 1503
637 975
67 1671
642 1332
1251 1348
1212 1215
1121 1122
1434 1435
433 434
732 1846
1547 1548
150 151
1275 1424
1598 1599
1184 1496
324 482
137 1891
339 1312
92 1519
1014 1712
1591 1592
969 1225
1111 1112
25 28
113 1881
1689 1690
1600 1601
965 1012
130 131
808 1058
133 821
663 1146
340 1558
231 475
1777 1953
472 473
1873 1874
543 544
392 1553
202 205
409 1383
15 1145
341 770
1084 1810
1477 1478
1277 1280
410 1814
1866 1867
349 350
438 439
23 24
999 1000
71 1393
281 282
1837 1886
719 1854
1472 1543
742 1087
135 1913
272 787
865 866
211 212
1160 1161
459 603
1054 1057
1526 1527
1015 1016
398 1965
1615 1616
313 332
1169 1681
566 641
617 618
1516 1901
495 1578
1207 1208
772 773
12 13
1293 1294
987 1999
1141 1142
950 1941
1176 1179
912 1090
957 958
1552 1911
466 779
789 790
1147 1709
1633 1664
1582 1875
979 1858
1466 1467
1642 1643
496 1969
1695 1696
54 55
1131 1132
127 1263
1309 1310
467 695
431 825
817 1930
1256 1257
82 83
1461 1462
968 973
920 1908
574 575
1700 1701
50 355
406 407
96 99
537 826
279 280
395 1842
218 219
1328 1329
255 256
356 357
40 1717
856 857
1398 1399
437 1088
342 662
691 1594
716 717
1242 1247
1634 1872
1302 1303
504 778
1055 1056
191 1794
142 143
454 833
1324 1325
978 1341
937 1713
86 1927
907 908
623 1497
889 1724
883 884
614 615
414 415
1130 1137
1138 1230
706 709
48 49
394 583
1075 1990
393 1840
1370 1371
1337 1902
841 842
998 1043
296 1227
636 816
35 36
4 939
166 167
518 692
1140 1143
165 1239
762 1971
752 753
624 627
1385 1388
1899 1900
514 515
500 501
1376 1377
885 888
134 1763
233 491
276 465
490 1364
1868 1869
1956 1957
1030 1035
1228 1996
960 1041
31 32
1045 1046
192 947
1833 1834
325 365
605 1459
187 188
918 1937
248 1001
1554 1590
1476 1612
1588 1589
1782 1783
1033 1034
1349 1350
178 1912
1803 1804
1150 1151
754 755
1164 1165
1448 1449
1185 1186
352 373
1170 1183
1469 1470
846 847
977 1597
1203 1206
312 1405
1808 1809
1750 1751
78 1550
129 132
1958 1959
1669 1670
966 967
94 771
1391 1392
1545 1546
224 892
375 376
556 1905
1766 1767
1425 1432
174 175
34 37
63 196
77 377
1248 1249
1500 1501
47 1454
1730 1975
1123 1964
1923 1924
244 245
1703 1746
1844 1845
1753 1754
604 685
208 209
1657 1658
628 631
1947 1948
138 737
220 223
1258 1259
945 1025
253 723
163 190
405 408
1831 1922
1070 1305
1562 1963
535 536
1245 1246
1286 1287
378 646
744 1920
1645 1646
674 675
494 1877
1315 1316
207 210
1640 1997
707 708
1494 1495
61 62
401 402
611 612
1407 1408
1268 1420
1525 1528
148 1410
1428 1429
1608 1609
656 1885
1916 1917
1085 1577
1009 1843
681 682
516 1742
1266 1267
619 620
316 317
1069 1801
336 1659
354 748
875 876
726 951
1757 1758
75 76
484 1311
452 1297
445 613
1823 1861
1283 1284
1342 1580
882 959
1029 1040
899 986
387 1192
1433 1981
267 268
1540 1541
227 493
739 1487
634 635
640 1906
1894 1895
1806 1807
57 60
1731 1738
68 1489
593 596
195 1050
234 1322
849 2000
1361 1446
214 215
1004 1005
1114 1593
1200 1919
991 992
932 933
237 1841
839 840
589 1080
703 1465
1171 1174
440 441
1233 1660
1620 1621
221 222
660 661
632 728
487 488
765 1421
564 1910
733 922
562 1952
1168 1784
668 671
1096 1097
206 590
665 1119
106 756
1289 1290
436 1613
1390 1904
1780 1781
1181 1182
1623 1624
720 820
1887 1888
1677 1813
1976 1977
869 870
293 294
798 1882
1081 1611
893 896
580 581
344 1617
1175 1180
984 985
702 794
172 1086
1394 1395
44 1678
565 1827
1729 1954
570 571
107 108
1156 1157
652 653
479 1202
95 1603
173 1103
1402 1403
1002 1003
759 1921
824 1584
337 1396
712 713
963 964
693 694
38 601
1538 1539
730 731
85 1647
699 700
579 582
33 1860
1655 1656
667 672
403 1768
1049 1447
800 801
1468 1471
21 813
73 298
1778 1779
843 1144
136 1076
1300 1702
648 651
602 1224
1059 1060
569 1903
1344 1345
458 1575
1931 1932
273 890
1264 1451
1235 1238
177 863
1411 1966
1023 1226
1764 1765
1437 1438
1679 1680
517 1907
474 1333
1093 1098
1788 1791
101 102
1336 1691
1265 1909
201 722
69 1374
591 592
761 1223
1135 1136
1196 1197
741 1104
643 644
766 767
559 1884
1795 1796
228 229
542 879
1334 1828
1042 1755
1099 1102
1595 1596
1719 1720
906 911
505 506
690 1892
990 1960
1938 1939
269 270
1692 1693
499 1326
416 1792
1109 1110
633 936
170 171
1062 1063
696 697
785 786
334 335
291 292
238 897
396 763
360 1389
1126 1127
87 1769
1602 1626
1627 1785
404 1879
659 815
1570 1571
1416 1417
521 522
7 1261
265 1260
545 546
1052 1972
156 157
1423 1890
1071 1072
1944 1945
16 17
768 1365
928 929
1250 1409
326 1662
333 1583
941 942
654 1125
1863 1864
1508 1628
1306 1307
140 141
1521 1962
1816 1857
149 152
549 1632
120 121
1636 1716
203 204
411 1340
1418 1419
247 1928
104 105
1195 1323
1789 1790
1240 1241
1943 1946
197 1935
1082 1083
368 1898
524 1460
622 1835
122 1836
1735 1736
1485 1486
1291 1651
79 84
586 587
193 194
666 1201
90 246
948 949
51 119
812 1044
74 147
383 384
435 599
1065 1066
573 1718
567 568
422 427
745 1439
878 1051
1313 1929
286 1188
1386 1387
608 609
297 980
450 451
597 598
1216 1555
1531 1532
1352 1357
981 1288
784 1968
1862 1865
1694 1697
1167 1298
1893 1896
462 463
390 1120
1756 1759
144 1452
88 1296
1366 1367
1027 1876
259 1557
1107 1108
1622 1665
1604 1605
1684 1685
455 1450
70 1625
1786 1787
274 275
470 1983
1474 1475
788 1457
154 155
553 554
45 715
1089 1982
308 311
1018 1019
3 18
982 983
366 367
1017 1384
304 1480
629 630
343 1436
72 1064
480 686
803 804
1667 1668
638 639
9 1926
831 832
266 576
123 124
850 851
649 650
1775 1776
258 1113
946 1074
996 997
891 1078
558 972
1155 1158
531 1559
1490 1491
1397 1859
1100 1101
1537 1940
827 828
900 905
751 1339
1400 1663
527 1301
874 877
1412 1413
420 421
701 1747
117 1129
1154 1159
1355 1356
309 310
572 1415
284 285
103 1273
139 1565
19 20
307 956
1771 1772
346 1674
250 1974
1463 1464
118 921
303 1148
1219 1739
1698 1699
1484 1551
1255 1673
1236 1237
791 792
65 1838
1714 1815
938 1338
886 887
1318 1321
1115 1116
584 1077
1210 1855
321 322
449 1194
610 1308
1473 1687
525 526
1335 1380
1292 1295
391 647
161 362
114 1978
418 419
538 1073
185 186

978799104


