1000
580 1960
265 1991
1801 1802
323 973
89 90
1197 1198
1882 1883
995 996
569 570
73 1871
993 1332
246 508
566 567
163 1454
739 1437
1523 1524
1104 1409
1953 1954
266 267
1673 1768
1080 1081
833 834
1617 1618
712 713
957 958
3 1990
1443 1444
985 990
1928 1933
251 252
355 1857
1094 1095
1066 1067
1196 1199
111 1921
912 1751
348 452
62 63
35 1425
1082 1083
1431 1765
1662 1891
714 715
623 624
1359 1360
143 1053
967 1489
442 1560
130 797
652 680
662 665
144 145
1216 1217
1005 1006
1557 1610
1309 1989
1756 1757
578 1060
356 1830
333 336
1586 1587
1061 1392
597 1317
1298 1299
1929 1930
1550 1977
610 1853
199 200
1263 1264
1028 1887
752 753
1601 1725
1417 1420
1678 1679
279 1183
490 552
1699 1700
658 659
1965 1966
412 1510
1935 1936
1051 1052
949 1296
450 451
243 861
1530 1531
1112 1113
358 1597
341 1875
1109 1110
1475 1476
349 1658
900 1549
505 1964
104 1961
176 891
434 435
14 352
1063 1064
1249 1250
304 305
903 1886
481 1608
1468 1469
1128 1129
1396 1841
811 812
628 633
1085 1743
127 128
1102 1103
1399 1400
448 789
33 1740
60 65
1225 1428
1579 1994
908 911
775 776
612 613
831 832
1628 1629
678 1234
606 1101
515 516
1049 1050
1821 1824
17 18
1283 1798
211 273
1382 1863
138 1093
40 950
1114 1235
1667 1670
991 992
837 838
185 926
1155 1156
1780 1781
227 228
482 543
810 813
312 1357
1485 1486
501 502
132 401
1038 1039
942 1401
718 1661
1956 1957
373 376
1482 1483
959 960
1406 1407
1493 1494
691 1159
74 77
231 232
1452 1453
1671 1672
583 1889
115 116
1563 1564
473 1910
621 1458
454 1321
309 1031
1086 1087
1371 1995
1375 1424
28 29
494 956
656 694
904 905
666 667
1019 1874
1540 1541
1379 1380
722 1715
778 779
498 499
549 550
964 965
8 695
1810 1811
484 825
66 67
51 1588
1944 1945
30 1297
1384 1818
767 768
674 1108
799 802
1000 1305
542 707
432 642
1311 1312
637 638
866 867
1251 1254
350 1739
1285 1893
929 930
994 997
625 626
1355 1356
525 1167
1814 1815
1344 1812
954 955
1175 1427
151 152
506 1711
1143 1158
41 1323
1351 1352
189 898
1178 1294
414 415
474 1092
1068 1069
282 283
344 1003
9 1556
103 272
156 157
696 1348
400 514
835 836
370 371
1580 1581
1497 1606
1126 1127
1496 1996
1144 1300
622 1071
1981 1982
161 162
981 1125
97 100
34 611
962 1795
110 460
1940 1941
1546 1657
748 1325
1495 1788
922 1762
1625 1626
1236 1827
1775 1778
790 1677
1583 1971
1459 1462
808 809
1153 1574
118 1983
644 1347
1247 1248
894 895
1602 1603
487 773
1809 1864
13 389
1242 1243
198 201
1107 1819
1029 1528
417 418
730 731
999 1162
134 1512
1532 1733
740 1507
1182 1377
947 948
524 1709
42 915
430 1897
1098 1741
296 1862
403 788
504 1906
468 469
562 563
31 1233
1701 1702
1858 1861
746 1314
286 287
1598 1599
1855 1856
526 527
774 777
345 346
1503 1506
512 683
334 335
1521 1522
1338 1529
87 88
19 1026
584 679
171 172
561 968
1383 1747
462 463
384 385
1843 1844
1185 1813
293 388
1190 1192
431 737
1065 1070
247 248
631 632
529 534
1111 1267
1115 1293
263 509
692 693
220 221
595 596
684 1894
253 254
386 387
149 1518
240 1749
1021 1634
378 383
988 989
823 824
1925 1926
614 615
294 977
80 81
1539 1816
555 556
982 1062
136 137
226 257
1402 1892
1481 1604
91 1572
1268 1269
523 1484
1872 1873
1446 1447
1491 1492
974 1308
734 1132
105 106
635 636
1649 1650
1570 1571
1136 1137
2 165
966 1246
646 1696
579 888
330 1916
1045 1046
483 1367
1426 1554
497 681
1260 1261
302 1915
1237 1909
396 397
1010 1011
457 1867
1337 1693
278 1303
489 1870
1278 1279
513 607
937 938
1142 1623
219 222
1717 1718
215 2000
817 1835
544 545
1228 1229
271 1513
458 1172
1415 1416
1729 1730
216 217
123 609
1668 1669
1582 1714
438 439
1548 1659
1533 1536
1847 1848
225 339
1009 1408
347 475
723 1979
1515 1516
963 1133
422 423
1119 1120
945 946
155 645
1552 1553
1651 1652
124 1410
1054 1057
1584 1585
1627 1724
1664 1665
1439 1442
1257 1258
783 1615
421 1767
1460 1461
363 786
764 769
280 281
1565 1566
682 1898
1291 1364
1473 1474
839 1289
602 603
135 760
1450 1716
1161 1759
1793 1794
1820 1825
1240 1241
669 670
1544 1545
1755 1876
313 1786
404 405
93 96
1590 1591
1504 1505
1394 1395
770 771
952 953
616 1043
1846 1849
107 1200
1621 1622
244 586
1270 1839
380 381
554 557
772 886
1463 1464
1276 1281
440 441
255 256
1435 1436
1002 1914
896 1032
648 649
213 214
747 1902
47 573
1151 1152
1330 1331
829 1838
1576 1577
1712 1713
875 1176
44 45
342 1397
102 1854
146 828
493 1318
4 1327
697 1636
187 188
971 972
841 1393
6 7
1514 1517
627 1315
1307 1381
1534 1535
1208 1611
629 630
551 880
969 970
1879 1880
1372 1888
218 1708
120 121
268 269
858 1723
258 1350
671 672
889 890
12 133
796 1950
1058 1059
406 1758
459 1640
1160 1710
50 1191
275 276
806 815
728 1959
277 1826
193 194
455 456
233 234
167 168
1641 1644
1362 1363
919 920
1140 1141
461 1972
869 870
1134 1135
1105 1106
377 675
49 295
32 742
951 980
433 923
1116 1117
270 1605
1967 1968
205 364
1238 1239
1404 1405
1487 1488
1562 1761
568 927
1612 1613
859 1001
749 750
608 917
1201 1202
308 1750
297 1753
1727 1728
1130 1131
560 1620
660 738
39 785
791 792
1573 1631
164 1259
617 618
1568 1569
655 1368
54 1752
1047 1048
1088 1089
1077 1078
83 84
1354 1411
1719 1720
1205 1231
931 932
429 657
154 1742
140 141
420 444
470 471
1273 1274
71 413
876 1952
212 1635
174 1800
209 210
668 673
1165 1166
1975 1976
43 392
975 976
427 428
368 743
1386 1387
940 941
179 798
1213 1214
182 183
1090 1707
56 230
361 362
925 1558
576 577
1783 1784
82 85
600 1398
887 1734
245 1920
1432 1433
238 239
1329 1764
322 1738
1262 1806
37 38
1499 1502
180 181
1600 1831
909 910
178 1204
1770 1773
1904 1905
1698 1703
1881 1884
1675 1676
800 801
351 1177
298 1805
1365 1366
58 1271
1962 1963
426 1596
112 717
1033 1527
594 787
1851 1852
744 745
1179 1924
416 419
196 197
328 372
1508 1509
108 647
237 1942
1292 1358
117 1630
1014 1041
354 1173
393 1335
1934 1937
395 1212
48 1705
884 885
288 291
1706 1992
343 1004
651 1575
830 1616
24 924
337 449
365 366
1169 1170
546 547
840 1803
407 408
587 590
274 530
819 820
480 1024
1012 1091
619 620
1632 1970
688 1326
259 260
574 575
1149 1150
518 537
169 170
1369 1370
720 721
1890 1900
1955 1958
208 1342
732 733
1163 1547
359 1138
1148 1189
1310 1313
1007 1919
329 1732
1072 1472
158 510
807 814
11 1490
1654 1697
862 863
851 1787
360 1349
1525 1526
1938 1939
326 1683
854 855
425 1850
1859 1860
1478 1479
1118 1121
314 1385
1209 1210
1789 1790
1470 1471
1324 1477
724 845
581 816
538 539
519 520
1997 1998
402 1147
310 311
236 1951
476 477
517 716
943 944
122 1674
528 1037
1074 1075
548 1388
1 540
1096 1097
55 242
1721 1722
676 1146
1807 1808
1687 1690
572 1745
1252 1253
374 375
300 1895
206 207
591 592
109 1272
338 1295
873 874
804 805
705 706
650 1025
784 1154
698 902
21 553
883 892
307 1430
303 306
1055 1056
1519 1520
1164 1306
321 901
1917 1918
453 1792
780 781
1877 1878
1277 1280
1694 1695
1592 1595
1036 1322
1833 1834
1423 1774
1726 1840
918 1907
1922 1923
1334 1969
893 1760
699 704
1353 1899
315 511
1836 1837
782 1731
203 204
1943 1946
689 690
492 1194
1911 1912
593 978
92 1555
1034 1035
848 849
224 983
1403 1660
478 1265
1685 1686
1868 1869
1099 1100
26 1073
818 1653
868 1684
70 195
1224 1339
535 536
1186 1763
846 847
1779 1782
472 1791
821 822
175 1680
1184 1206
79 897
605 1448
758 759
1316 1343
16 318
10 1286
871 872
1022 1023
1145 1414
1561 1973
765 766
913 914
159 507
445 446
284 285
1735 1736
5 1320
1168 1171
1688 1689
139 229
25 564
1542 1543
142 826
1042 1633
754 755
1203 1785
726 727
1646 1647
186 491
735 736
331 332
52 53
447 1804
324 325
761 762
1537 1538
1079 1084
998 1896
921 1993
223 353
1589 1766
1027 1559
979 1467
1244 1245
94 95
1266 1748
961 1682
316 340
1287 1498
241 1222
1207 1328
301 634
1828 1829
410 411
299 1619
1984 1987
928 935
1500 1501
1340 1341
72 1301
916 1607
1390 1391
686 687
601 604
853 856
860 1666
803 1449
565 1988
1637 1638
249 250
1180 1181
1227 1230
357 1438
725 1157
68 173
795 1480
844 899
1412 1413
1947 1948
1776 1777
1655 1656
1642 1643
190 1288
202 1211
126 129
842 843
663 664
235 685
78 1020
1187 1188
1931 1932
485 486
69 119
1218 1219
1434 1796
1256 1769
1076 1974
702 703
500 503
113 114
22 23
1421 1422
20 1378
184 1255
424 1389
1593 1594
1445 1817
1692 1913
464 467
1220 1221
585 729
1290 1681
793 794
852 857
59 264
1645 1648
1017 1429
1123 1124
191 192
939 1885
709 710
15 1746
101 879
598 599
394 936
763 1174
409 1551
1465 1466
160 881
1319 1457
531 532
757 1361
131 369
1624 1980
558 559
1226 1744
166 661
521 1122
533 1908
1663 1691
1373 1374
379 382
986 987
1754 1799
588 589
522 1567
1015 1016
933 934
292 906
882 1704
877 1609
488 1013
153 1451
327 1999
150 1030
479 878
643 1195
1304 1866
1771 1772
86 1737
317 496
147 148
261 1223
177 1044
1284 1901
1018 1832
711 907
367 1949
751 756
639 1336
125 1639
640 641
582 677
1232 1376
465 466
61 64
1275 1282
46 741
390 391
1345 1346
1440 1441
1455 1456
850 1797
57 1978
36 1842
541 1302
827 1215
571 708
1139 1903
75 76
1040 1193
700 701
1578 1927
1008 1333
398 443
98 99
399 1865
319 320
864 865
27 1614
1822 1823
1985 1986
1418 1419
289 290
436 437
719 984
1511 1845
262 495
653 654

391060992


