4288 2354
3320 4084
850 2934
2570 2725
700 3429
3278 3482
156 237
3684 4261
4221 4264
3723 4143
2816 3838
2042 3346
3894 3944
2722 3241
1531 2135
1545 2189
2899 3664
3545 4273
4165 4234
1713 1804
3459 3940
1493 2774
2632 2719
3161 3909
3418 4092
3570 4182
2635 2791
581 1608
3238 3845
536 632
3304 3935
3508 3747
1798 2283
2206 2683
3506 3777
794 1015
283 2616
1942 4040
953 3178
2907 3752
3274 3495
3595 4174
2032 2409
3929 4230
486 2705
3895 3996
71 3108
796 845
1202 2786
1943 2617
4078 4272
388 469
2400 4023
74 3420
3381 3622
470 2686
4156 4173
1203 2054
3492 4206
3495 3647
358 1868
759 4088
354 783
2191 3635
3824 3942
268 2892
260 1059
2891 3301
3092 3955
2190 3800
2916 3024
920 1779
3851 3991
652 1338
3187 3378
2684 2990
2483 2676
2699 3455
2729 3731
3380 3812
2841 2914
1318 1917
1113 1811
1109 2376
4002 4084
3856 4031
1750 2860
350 1347
2423 4124
542 3106
2859 3361
2496 3134
3159 3807
1453 3572
2056 3760
3295 3887
1156 1454
3777 4191
2307 3896
3309 3611
2626 3478
898 4277
2384 3221
2255 3488
257 1931
3841 4238
1245 3374
3029 3056
2881 3426
2861 2873
125 1417
3860 3982
3680 3713
3799 4206
3299 3493
1866 2121
2830 3986
3 907
2204 4112
2363 3634
2489 4093
1883 2719
3517 3727
3549 4285
3820 4164
2546 4002
1307 1800
3781 3818
4053 4249
3811 4271
2935 3901
3476 4173
268 1468
467 756
2085 2921
495 1497
1436 1441
880 3044
3987 4160
3942 4056
3128 4023
3481 4159
751 799
2689 3462
388 2162
2708 2869
2127 2221
1328 2716
986 1654
1095 4001
1773 4041
425 1388
3369 4278
463 1439
546 2397
4215 4285
8 22
2221 3165
3939 4063
1904 2509
3055 3381
3499 3667
1944 2894
1927 2134
3766 4080
967 3180
770 1416
208 2880
2004 3989
977 2117
650 1985
1834 2624
1966 3722
2544 3640
891 2455
2583 3120
3580 3730
729 1097
2569 3418
3331 3492
3368 4082
1847 3830
3160 3742
2969 3847
1202 2625
4022 4170
2436 2626
3606 3860
1011 4235
3337 3543
884 1762
2903 3278
852 1717
1069 4261
3973 4161
3334 4252
1322 3052
1388 1899
1393 1748
2857 2888
882 1795
2771 4240
2618 3954
1758 3632
1808 2322
4223 4263
2078 2578
3318 3699
388 2172
1783 2278
1485 3365
3974 4091
2190 3246
494 2130
779 3153
3098 3509
3639 3666
2018 3127
913 2947
3490 3922
970 2731
50 1936
771 2879
3436 3874
1647 3283
465 2059
3637 4158
948 1245
4174 4225
1158 3244
2213 2670
1669 1965
3499 3707
2702 3501
1897 2831
3185 4251
900 2732
182 644
3297 4015
3337 3572
1864 2252
3918 4079
1479 2828
847 1486
2076 2171
3992 4156
2043 3862
957 2881
3575 4076
2623 3891
3773 4150
575 1365
333 1373
409 1375
3411 3860
4270 4281
1621 1925
3070 3352
2389 2412
1376 1659
2089 2786
1111 2297
2126 2707
2436 2765
3506 3565
3397 3815
1583 3495
1532 2429
1678 4187
4135 4163
1869 3884
1989 3706
82 140
1287 3457
2154 2446
3730 3875
643 1699
1176 3586
2266 2566
2438 2656
3026 3656
2481 2549
3185 4097
3927 4228
2932 3158
1785 3341
3458 3604
3673 3704
1388 2865
3103 3519
2388 2650
863 2402
3297 3770
4267 4282
207 4207
2522 3920
2640 3156
2217 3953
2044 2326
2650 3902
2821 3416
3932 4012
1142 3512
4283 4286
3298 3818
2785 3830
132 2854
3225 3513
2374 3023
1268 1836
1949 3394
4098 4100
704 1605
1927 3471
532 3075
4133 4272
188 2953
1009 1681
2626 3008
1446 2867
1333 3915
2502 4245
3668 3974
2023 3117
1834 3627
3821 3883
242 1872
1922 2998
1867 2954
760 3898
2036 2870
908 2442
3680 3815
4073 4174
650 3049
3089 3246
1059 1479
1419 1991
2099 4212
4170 4182
2642 2894
3446 4232
4224 4250
2933 4128
395 3683
152 4051
702 3792
432 519
2315 3237
3926 4149
4076 4104
4052 4227
3785 4171
902 3621
1271 3007
2766 3474
1098 2644
20 4257
3467 3580
496 4166
2480 2903
1909 2083
1447 2130
1174 2116
319 2060
2746 3467
2162 3014
935 2816
3183 4203
1027 2296
2985 3045
1105 1490
3866 4104
3081 3344
60 393
2189 2237
2634 3095
127 1997
763 1066
3398 3807
2626 4228
1271 3294
2480 3880
4096 4222
1215 3768
1727 4157
2873 4071
3680 4100
3355 3638
2173 3198
2674 3284
3547 4159
2827 3823
19 2051
3073 4140
3468 3984
3728 3885
3032 3781
3471 3996
1706 2005
2668 3397
831 3485
3429 3475
2114 4256
4048 4058
866 1431
3805 4086
774 2054
443 1744
1834 3480
1516 2995
1294 2884
3155 3664
3828 4271
2014 3407
733 2592
3402 3950
2110 2252
2342 4085
705 3228
984 3808
1490 2026
4192 4268
4101 4161
1493 3097
890 1962
2709 2848
3904 4008
1992 2344
2586 2741
1896 4246
480 3914
643 4141
925 2041
348 3303
2415 4008
1744 4267
207 1506
4078 4103
6 826
1339 3887
4159 4167
2741 3125
1172 3410
2305 2328
1229 3822
954 1411
1561 2600
1053 1522
664 3090
2680 3799
4255 4258
3232 3866
4172 4214
3397 3505
271 3390
1783 2537
1261 3243
1096 2331
3802 4105
1804 2448
1398 4266
2810 2928
4243 4282
3491 4246
4226 4270
777 2266
3225 4166
2823 4093
746 3719
3672 3800
2991 3996
1053 4018
3839 3957
1857 2983
2296 2819
422 3412
2373 3232
3800 3994
1896 3075
725 3598
827 2461
354 2580
1799 3321
3809 4036
3802 3936
3988 4230
903 1269
1946 4196
498 4004
3310 3716
672 3483
2103 2961
1605 3426
4008 4222
3517 3894
2538 4022
2477 2585
2995 3457
464 2149
2361 3849
1577 4275
1966 4039
2499 3561
3225 3534
292 3670
599 657
4261 4269
1088 2222
2952 3677
1149 2622
1013 2826
2957 4168
3919 4280
1322 3161
1690 3559
3982 4096
674 3484
3436 4162
1109 1402
848 4256
4262 4279
1836 4281
430 4039
893 2185
1063 2456
787 1452
2931 3792
3759 4269
2170 2248
3795 3887
3929 4123
8 1777
2421 2672
1993 2442
1303 4270
4052 4237
3184 4235
1455 3179
1299 1773
1144 1726
2178 3069
2302 3781
2263 2505
374 1420
3062 3762
2700 3664
3119 3452
3028 3834
995 1471
2161 3523
3610 3623
3499 4092
642 1964
3557 3640
706 775
2640 3350
1568 3499
1473 2704
2974 3979
3289 3727
4003 4173
10 4121
3928 3976
1588 3368
1504 3626
902 3411
3835 4158
4229 4238
3901 4248
1126 1350
1717 4225
516 3952
2402 2862
2321 2334
477 4054
4278 4288
2478 3166
3090 3388
1164 2102
2963 3714
182 2466
2750 3050
1345 2418
348 2974
1297 3517
1465 1878
2748 2825
1681 2092
2970 3698
166 4001
641 4024
2029 2867
990 3406
3121 4037
4248 4257
3088 3705
1493 3244
163 2372
3852 4023
453 1957
3242 4085
3937 3967
60 4010
330 2268
2008 3966
3236 3576
1104 3570
36 1025
2321 4255
3754 3810
3655 4078
3876 4084
3489 3978
2349 2496
1367 2980
2286 3969
1875 3665
2835 3145
3307 3762
3489 4057
1113 1924
1462 3014
4198 4232
2608 3256
814 1884
3974 4066
2855 4144
3351 3810
4117 4267
2751 3398
1357 3076
4019 4283
604 884
759 3008
514 3815
2863 4031
2441 3914
2542 3832
4083 4258
3059 4200
3637 3665
1451 3229
1551 3157
1265 4007
1870 2315
2874 3693
2771 3111
1348 3076
2266 3703
2691 2862
3933 4188
2853 3984
2298 3757
2807 2933
2615 3381
1620 4209
1674 2537
2414 2737
2368 3062
660 3878
3610 3622
1227 4099
1901 3029
206 2499
3956 4007
2357 3622
2513 3064
4254 4261
4157 4197
584 3879
2940 3983
337 1443
4252 4269
78 4172
1778 3485
1103 1526
2118 3929
1314 3998
1035 3329
798 1309
2426 3729
433 2551
2063 2317
1246 1517
1104 2715
1949 3853
967 2886
1070 3852
588 4281
3424 3815
1781 3286
682 4057
894 3821
1728 2135
1108 3727
4218 4261
3197 3714
3775 4126
11 1356
2620 3604
91 1201
2169 3365
3204 3343
4072 4196
232 2392
2527 4189
2389 2955
2041 3679
3069 3939
1775 3486
3948 3957
3950 4112
1728 3569
2086 2380
3881 3896
1671 4206
1248 3232
508 1856
1799 3430
25 2678
3531 4192
469 2411
3410 3476
791 940
737 4259
1436 1495
1390 3579
3858 4197
1688 3228
3653 4046
3340 3891
1707 3682
3463 3618
1481 3528
4254 4255
1650 2965
2910 3214
1223 2637
990 3179
979 2370
942 2710
423 3225
1769 2109
2852 3575
2420 3603
2479 4108
3888 3919
3209 3229
4049 4211
3541 3927
1487 1989
1073 3539
1245 1827
3565 3990
807 1598
628 3728
3289 4203
2097 3871
576 1499
965 2478
1618 3763
1534 2991
4136 4230
2644 3976
3113 3337
3511 4263
1070 1477
643 3015
2112 2257
3015 3121
4151 4280
3781 4201
1722 2748
281 973
252 384
622 2571
1376 1578
3176 4184
2328 3189
1482 1549
3268 3616
1926 3812
3665 3826
852 1007
815 3120
2072 3131
685 2517
60 985
3747 3955
2729 3192
938 4029
1916 2388
3180 4160
2769 3152
2754 3517
1873 3147
1148 3869
50 1289
4033 4065
2723 3174
946 1306
1491 1610
3237 3548
1430 3626
1384 2114
1338 1854
3308 3386
3443 4092
218 3132
1926 2645
2401 2635
1859 2002
920 1625
1223 1821
961 3765
3193 4142
4167 4186
3175 3984
182 1344
4236 4280
3577 3748
3307 3459
4032 4206
1384 1465
454 1959
3078 4080
3167 4107
1282 2716
1076 1972
3495 3969
1071 3549
3597 4207
1924 2515
681 3647
57 4180
3803 4259
1104 1781
2952 3900
2290 3316
2418 3770
2963 3004
2522 3802
22 571
4218 4252
1841 3568
598 1399
2294 2636
2045 4172
1667 2371
186 3347
1053 3657
3221 3698
512 3152
818 2685
2228 2810
4003 4167
2244 2998
2842 3573
571 3381
3768 4025
226 2392
3965 4287
951 3022
1034 1427
3375 3881
2998 3708
1700 2833
2612 3318
1356 3556
3219 3254
918 1926
2229 3019
1910 3126
2412 2754
2931 3499
1727 4125
150 2628
619 3209
460 1158
482 2546
2989 3880
2309 3634
684 4033
1044 2607
2829 3511
2579 2946
511 2097
3522 3801
2546 3408
2600 2758
1114 1328
4196 4202
624 1079
3380 3481
1540 1676
366 3494
64 1493
3564 3717
1867 3936
1392 3077
3264 3286
443 4228
53 1337
4086 4176
173 672
1605 3093
4272 4283
729 1116
1604 1862
3169 4193
358 1667
3702 4126
516 1270
1505 3536
3730 4015
4106 4282
1242 2954
866 2233
586 909
2403 2675
4100 4162
2282 4007
354 358
1935 2158
1927 3752
416 2804
1222 1288
2536 3258
2885 4084
929 982
1958 2016
2602 3266
458 3825
1725 2648
3728 3911
2702 4214
262 3892
956 2004
1600 2478
462 2095
287 3598
2688 3965
1408 2069
1494 2951
4252 4264
602 2698
2278 3409
343 4129
3808 3998
3125 3920
2397 4182
3781 4214
2861 3113
2321 3830
1479 3328
2152 3626
2164 2295
4283 4284
1261 3006
1181 2753
652 4181
3000 4196
1739 2745
1595 2243
1790 3509
644 2689
3961 4003
2727 4138
1953 3520
3005 4195
758 2016
3039 3634
1132 1694
773 3253
2437 2447
2005 2767
2942 3895
990 2282
1988 3314
2581 3763
1348 3820
3290 3786
2943 3799
2215 4183
3225 4033
1520 1969
2395 3145
3990 4030
2812 3590
3782 4216
1696 3396
686 4128
3283 3508
1059 1902
1789 3545
2030 4272
4178 4285
3533 3821
1137 4000
3312 4279
3333 4057
3537 4144
3284 4284
2118 2772
4278 4284
766 2059
1844 1984
4139 4168
1807 2548
1776 3353
3469 4255
216 3594
3535 4214
947 3365
2101 4147
559 697
3924 4213
2170 2795
1344 4239
2102 2794
1749 1805
3515 3818
1803 4007
1649 2701
673 3127
2351 3785
1717 1943
2440 2819
1414 2253
1475 3758
457 3051
1548 2984
3595 3597
487 2868
2484 2563
672 1427
58 289
3998 4187
156 211
1947 3763
626 1598
25 4244
3309 3472
2472 3615
1422 3894
1183 2765
2933 3876
654 2525
628 2544
1740 1776
693 3030
2686 3713
1316 2276
79 4262
2318 2352
4251 4262
1965 3005
3641 3936
1798 3061
788 1327
4189 4288
2582 4085
1345 2193
917 1528
2768 2996
228 978
2470 3022
3276 4051
64 1298
2652 2724
2333 3562
2977 3786
74 1758
386 4041
4272 4284
3557 4209
2607 3367
2536 2619
1419 1681
3369 4136
275 2265
962 3777
400 3143
3876 3995
2886 4038
4081 4090
2712 4007
3611 4261
539 4032
2344 2570
2524 4217
2001 3781
899 991
3177 4201
863 2622
2779 2814
707 3740
3506 4222
1371 1833
1283 2953
3360 3379
3148 4233
562 2682
3170 3681
721 3832
4041 4192
4023 4077
1045 3102
1648 3261
1308 3488
1698 2878
1959 2754
300 2706
3440 3468
2365 2691
2263 2657
1381 4080
449 3309
2273 3263
192 500
1822 3004
3880 4241
3748 3903
2801 3311
2953 3225
1820 2764
1401 3836
2087 4144
102 3622
1962 2770
918 1239
3697 3745
1512 3177
156 2063
642 2381
3593 4060
3705 4096
3691 3849
3836 4027
1401 2081
399 2788
2211 3687
1601 2572
1263 2652
1498 4104
2909 3788
3531 3974
425 592
3332 3569
1926 2429
9 660
899 3704
4138 4239
4201 4248
2521 3667
394 2058
372 1998
2690 3061
2051 3215
3023 3741
2467 2964
2287 4200
1630 3713
629 2860
1695 3682
3539 3854
1840 2248
792 1986
691 1218
4012 4195
630 1841
261 3110
2097 3723
1776 4263
2101 4138
418 3661
366 3060
3423 4052
1309 2865
4005 4028
3100 4274
3134 3615
3390 4237
547 685
4247 4282
3157 3881
3475 4170
3494 3511
958 4094
585 1239
2710 3385
480 1094
2566 3572
1154 2347
4109 4220
3731 4173
1366 2734
33 1743
1801 2931
1332 2550
3877 4082
2070 4128
3135 4220
2674 2757
1717 1970
384 2173
3895 4187
1242 1973
141 4212
2210 4111
1785 3494
2379 2675
382 3457
46 2762
1361 2928
1862 4104
3787 3999
3374 3864
1266 2005
2315 3575
3358 3448
2460 2506
2014 2757
1757 3945
1319 2133
91 2513
934 4143
3703 4286
697 1880
577 1987
2729 4249
3043 3909
648 2429
301 4177
110 3336
856 2672
1449 1807
2798 3103
1460 2375
1316 2608
1196 1952
169 1462
2848 3756
3152 3826
4027 4256
249 3628
2449 3285
1259 2533
301 1073
2727 2783
2276 2659
1080 1519
2539 3849
1859 3267
55 1295
709 2589
495 3952
481 1534
3034 3569
1172 3182
3521 4061
3655 3689
3438 4075
2501 2827
3587 3747
199 2448
1847 2807
1030 3277
264 3441
366 691
3013 4215
3043 3855
1526 3409
468 3814
2758 4260
2943 3687
1864 2159
4106 4154
153 3214
1566 2682
2364 2463
2672 2819
3657 4224
3011 3939
3701 4100
3155 3986
1121 2852
73 3653
732 1013
448 813
1052 2984
3967 4234
981 1237
2298 3498
4027 4178
1685 4075
1839 4008
1711 2742
3910 4158
3297 4078
2816 3395
2141 4043
3062 3312
848 3187
2334 3780
2374 4225
1090 3930
3365 4090
3192 3800
3289 3826
1764 2556
742 1254
863 3918
2451 3790
1825 3957
4265 4285
1763 2715
1243 1649
1147 3153
900 3917
2579 3835
3311 3995
1860 3707
3651 4249
3628 3746
3087 3183
295 1856
1675 2075
1335 1804
1274 2519
1697 3604
554 2510
2557 2907
3601 4122
2046 4181
2850 3427
1843 3882
1729 2063
4161 4269
503 3632
2732 3478
3094 4011
758 2710
4002 4285
1897 2683
3081 3112
3404 3650
2414 3280
2996 4268
4096 4209
1667 2717
3488 3565
3255 3704
3366 3473
3367 3490
2818 3656
1034 1831
652 1596
129 4059
3902 4148
638 968
4234 4240
337 2048
3037 3350
1860 3889
648 1078
2914 3349
3895 3918
1169 1345
1913 4005
4224 4241
272 3234
3988 4225
236 2232
595 1167
327 3470
763 3991
4217 4261
4037 4251
1016 3799
113 2337
3475 3742
493 1708
1492 3331
2830 2984
740 1612
3556 4275
1801 3992
3689 4013
2397 3246
4082 4284
178 2887
3691 3814
4141 4223
2014 3019
1949 2772
2909 3550
1192 4064
4177 4287
3015 3177
2543 3523
2140 4155
3098 3300
999 2322
1282 3865
3681 4145
4162 4204
734 1550
1874 1972
3569 3651
847 3864
1030 2679
2134 3495
2519 3532
4075 4127
149 3033
1641 2924
3708 4075
2379 2394
223 2628
3196 3568
2922 3742
1179 3569
166 700
2247 3861
3771 4274
351 2768
162 3520
942 2887
3490 4221
1530 3905
3761 3956
733 1140
2892 4243
425 2895
1513 3851
196 3262
162 2218
1002 1538
2855 3130
637 1248
1417 2704
2106 3839
1864 3869
202 3748
3358 3782
1818 2641
3127 4229
2849 3697
3683 4040
264 2610
4006 4141
2834 3950
779 2221
3296 3351
2654 4220
255 369
2993 2996
3794 4144
1765 3555
3093 3125
3972 4209
1394 2021
2737 3371
3483 3815
1166 4030
3201 3590
1425 2253
3600 4010
2850 3028
991 4126
2236 3436
2858 4236
489 2636
732 3724
884 2717
2533 3975
260 959
2171 2938
1925 3682
2402 4039
3779 4036
1125 2948
3702 4101
3081 3803
3565 3566
159 1917
2264 2269
2808 3063
1652 4234
3796 4195
1195 4275
3030 4192
710 3832
1763 1912
1613 3645
2157 2483
2277 3328
488 2425
1304 2483
858 3154
3883 4072
2515 4076
4172 4240
808 4251
281 2288
334 1489
3118 3283
529 3648
936 1923
1697 4194
688 4218
3715 3999
2501 3923
3396 4244
3106 3445
3857 4025
3419 4165
1527 3990
4009 4131
2734 3309
3345 3976
77 1602
404 2360
3873 4067
1474 3298
269 2283
832 1789
3581 3665
56 3321
1851 3355
2615 3187
1568 3172
3181 3425
4072 4236
2778 3606
2461 3978
2464 3001
3312 3732
1963 2282
2768 2842
508 2762
4254 4265
2944 3775
3923 3930
3553 4239
2645 4253
4268 4282
3476 3638
2264 2492
2611 2965
4065 4232
3044 4225
1564 2914
608 2152
3892 3940
570 1515
3246 3331
710 2242
2080 4003
1642 2485
3609 4014
3339 3765
1740 3651
3437 4269
1142 1587
371 2770
979 1319
3094 3607
824 3979
3 17
1518 2605
2244 3125
1156 4051
3548 3918
3985 4190
89 3022
3254 3995
4009 4011
713 1941
2279 2786
1244 2753
2133 4167
2492 2595
1532 1585
1538 2498
2619 3441
382 1837
4039 4124
2619 2687
3422 3763
1224 3851
2220 3849
1070 1887
4177 4251
45 4214
3984 4234
197 2311
2059 3835
4124 4144
1594 3080
2385 3226
2115 2896
3023 3926
1128 1650
643 3451
1333 1451
900 4118
3644 3828
112 2280
2769 2896
1185 3873
3841 4072
3364 3431
4227 4242
471 4208
1676 2571
665 2662
2295 3077
1539 2006
1699 3102
3235 3366
1022 1786
43 4006
3406 3580
902 2077
2062 3942
2651 3534
1567 2127
758 2518
3469 4010
1353 3697
505 1437
1063 3359
1267 2887
3636 4163
1644 2227
2403 4073
1769 1800
1910 4039
1879 2632
3698 4124
1584 2472
3703 3724
1907 3283
1578 1839
3308 3861
3685 3774
2778 3546
1011 3277
1583 2525
248 3151
2388 4218
1027 3754
2498 3688
843 1608
1145 3162
3324 3610
104 1999
3759 3977
1796 1894
1847 3510
1841 2191
3931 3948
1477 2265
2364 3677
647 3862
1116 1179
3503 3547
4080 4141
3799 4147
1350 4056
91 293
3960 4035
1589 4167
2165 3111
390 1934
1654 3527
1848 2754
2191 3102
3606 3780
1786 2263
3053 4156
448 1010
3830 3912
4166 4271
4118 4156
2841 3082
3247 3846
1824 3444
3971 4066
2210 3580
466 2657
2469 4238
3461 3898
2275 3035
4015 4067
1988 4134
1876 2102
3199 3714
2488 3412
2293 3504
3139 3412
3297 4105
3902 4266
2331 2808
2941 3011
793 2574
3159 3526
2314 2603
2548 3020
72 3132
3875 4069
2607 3198
2636 3076
812 3818
3085 3688
217 1427
2941 3925
3129 3697
4023 4237
1326 1500
2600 4055
383 4212
2041 2684
3015 3806
2120 2571
1840 4191
3500 4088
658 1606
938 2925
2966 4174
60 1242
427 435
67 3690
3039 3117
1980 3074
2266 2853
628 3225
2141 3093
1773 2907
2923 3130
1999 3922
2614 2718
2876 4136
3464 3733
2977 4190
165 2545
2592 3021
3388 4232
474 1760
103 183
3841 3872
3776 3948
4253 4265
81 720
764 2768
191 1561
548 1516
1992 2182
3851 4171
2494 2682
1587 3778
3567 3859
784 1928
1382 3633
670 3907
3118 3616
2543 3840
850 3624
3843 4084
3644 3704
229 2581
1746 3301
2630 2690
2465 2736
1543 4281
998 1717
1696 2530
2897 4270
3845 4024
1576 2029
3561 3687
1514 2289
3206 4084
831 3803
1556 3180
795 1938
3126 3217
925 2715
2325 2597
736 1278
895 3822
678 4073
4047 4121
1378 3622
1115 3333
2480 4013
4083 4102
919 1327
2626 4075
2766 4144
2333 3145
3060 3947
3775 4247
340 813
1847 3553
786 4154
2029 2152
1452 2816
3386 3815
3147 3938
2664 2717
1310 4135
1007 2844
2301 2799
3657 4001
2658 2753
3517 3973
1402 3050
878 4221
1324 3586
3948 4033
1173 3542
2105 3607
2566 3886
699 2796
3876 3949
3202 3708
1462 1550
2214 2545
2933 3100
3955 3970
3892 3911
3638 4110
2624 3525
301 1979
2229 3192
1658 2427
2781 3032
1740 2481
2531 3469
1689 1758
658 3929
210 1830
999 3518
751 1316
628 1336
1158 1684
2613 4215
2813 3179
3454 3848
4075 4128
330 2869
301 1609
741 1458
253 2888
275 1819
708 4097
1230 2724
18 2794
16 705
2252 3790
2187 3842
977 2597
1153 2009
2250 2965
1054 1170
1942 2455
1216 3410
611 2028
480 3112
3959 4037
3137 3696
2613 2945
3611 3732
4040 4210
2961 4229
2637 2796
2936 3633
1356 3723
38 4150
1004 4004
316 733
1113 3617
1675 2998
3284 4108
4262 4271
2086 2910
801 4084
3235 3793
1908 3435
2799 3203
812 2285
4217 4255
1735 3325
3247 4180
2237 2403
1815 2789
2480 4242
2891 3375
297 2066
3457 3498
1358 3186
2973 3671
706 711
2598 3812
2810 2865
1787 3833
3047 3652
3098 3160
2037 3360
1381 2896
2087 3221
3162 3507
4119 4137
3422 3680
3109 3119
963 2347
4245 4278
3081 3273
2727 3782
284 1970
1581 4265
1412 2341
3301 4103
779 899
3135 3580
2753 3636
4096 4223
730 1047
3347 4044
2094 3116
517 2601
2971 3438
917 2136
1245 3333
4112 4139
3546 3895
3630 4083
3392 4098
2463 4269
2865 3264
968 3619
1057 3394
2160 3293
3758 3917
2776 3604
3018 3520
38 1277
558 2871
277 2648
1711 4240
3296 4127
669 2286
3174 3906
503 3182
3194 3930
937 2509
690 2832
4263 4271
3710 4115
3105 3883
3274 3793
1980 2249
1267 1848
2957 3032
470 1393
246 3893
3065 3335
1781 3049
3777 3906
2008 2073
2400 3303
1107 2576
3182 4163
2969 3053
3198 4174
1536 2834
634 1339
1759 4148
2192 2259
4052 4113
3406 3518
1732 2497
3963 4079
157 4180
241 2275
33 2069
3110 3779
2300 2857
3265 3702
771 2463
891 2479
97 3826
3119 3163
4094 4129
1022 3681
2336 3306
4226 4241
2575 4208
3418 3576
1082 4015
725 911
1928 4084
2619 3287
1727 3884
116 2686
3160 3602
1041 4204
1679 2504
703 2973
2295 3152
4283 4287
4110 4225
1439 3150
2975 3839
3145 3918
1148 2260
3142 3333
2723 3109
2237 3781
65 1990
2878 3292
2995 3714
4263 4279
1801 2930
770 3421
2566 4206
1375 3087
2885 3295
2251 3151
2803 3764
1252 2506
396 4129
301 3782
3855 4255
1491 2510
1076 3389
1964 2065
631 3340
330 1325
2881 3659
1947 2833
3376 3881
3831 4097
1036 3237
292 486
2872 3248
1481 2939
3000 3262
3909 4257
3163 3199
862 3811
2020 3913
4177 4228
216 4257
3124 4010
2106 3400
692 3774
2918 3860
2418 2723
3710 3717
3139 3664
2921 2935
2729 2953
1052 1417
1333 1665
3847 4158
1159 3055
1589 3163
543 2732
2930 3282
3825 3869
2638 3929
1740 3405
2139 2861
1410 3134
619 2712
2446 3400
535 2307
1375 2588
4020 4176
3196 3460
2624 2766
1669 2589
4113 4121
2457 3702
1651 3502
530 557
3721 3870
2108 3162
39 829
1331 2642
2404 2596
1375 2669
2922 4011
712 2256
521 1915
2743 2853
3530 3696
2292 2788
3383 4220
739 3115
362 2654
778 4127
2045 2818
1450 2326
2028 3113
3206 4167
606 1671
3315 4175
209 973
1645 2058
951 4270
1470 1833
1773 2621
2742 3906
3968 4127
3649 3929
360 2660
3947 4092
1595 3372
2815 2934
1227 1405
1481 1856
532 690
2582 3214
3349 4074
3776 4050
3065 3483
1890 4050
2339 3083
953 2256
1826 2900
3951 4031
3200 3696
2941 3618
4053 4118
2317 3255
1082 3866
1368 3770
2837 4044
770 1962
192 2578
4267 4280
3695 4098
3141 3876
3968 4177
52 1583
1754 3922
591 2459
1750 3820
1771 3422
1239 2734
2997 3268
1894 3972
1599 2158
3479 4001
140 921
1977 2340
1167 2610
2445 3647
998 1238
3952 3987
1974 2319
2759 3887
130 588
1687 3746
2676 3122
3925 4187
737 4184
3260 3555
3757 4238
3640 3757
3485 4022
4118 4242
3104 3685
3116 4048
2372 3036
1708 3583
748 2496
775 2152
1121 1483
2922 4176
704 1576
1627 2015
2375 2755
440 1867
3786 4096
1921 2741
1751 2874
4170 4211
1775 2175
256 4269
2725 3251
4184 4199
778 2648
2599 3364
2639 3268
4278 4281
3710 4177
2307 3662
3230 3908
1479 2932
1589 2459
3953 4205
2613 3004
28 739
4129 4277
2480 2874
3055 3176
1530 4018
2593 3986
3099 4023
2639 3917
1928 3471
3447 3509
3730 4078
2078 3621
134 2778
2431 3720
3970 4234
1096 3009
1774 2469
3945 4196
3551 3988
3221 4222
263 3601
515 4245
1139 3003
2970 3646
4 3332
2580 4260
176 2622
498 1616
2014 3856
1525 2849
1771 1813
307 3932
4152 4194
3463 4208
243 2208
1750 2057
4263 4282
2877 3144
190 3251
1033 1240
2207 3115
3652 4009
2035 3892
4205 4222
654 3802
3398 3828
3416 4070
4214 4218
1872 3283
1385 1441
4203 4274
2469 3038
3482 3909
3294 3364
1982 2589
4058 4076
1996 2940
3837 4133
62 2479
756 2573
1221 3122
2298 3655
4226 4242
2769 3570
1444 2657
1319 2839
3023 3747
2466 3989
3528 4155
2826 3648
2506 3618
1440 2553
840 3380
31 3352
2460 3776
766 3397
3741 4028
2250 3098
4206 4254
1265 2032
2224 2737
2176 3639
1593 2557
4223 4274
1056 3259
1454 4118
4126 4195
2048 3493
1073 3591
2971 3021
223 812
426 3891
2052 3541
328 348
1375 2260
2459 3038
172 3310
191 3781
599 4125
629 2696
3352 4088
1060 3046
1249 2044
2510 4109
2144 2438
1688 3532
4096 4251
192 1857
3169 3331
2394 3990
2558 3759
680 3586
1880 1936
3370 3796
3472 4078
1013 3940
2665 3070
2561 2919
4198 4269
3892 3946
3397 4233
977 1574
4025 4209
2702 2970
2107 3871
1219 1320
3278 3536
121 3498
1697 1936
1530 2909
1994 3480
2478 4132
2435 2471
1049 2379
2791 3948
2853 3254
906 975
3942 4275
3439 3979
4254 4271
253 3069
4105 4264
2109 3888
2973 4063
1474 2022
2893 3724

2006


