4257 3695
292 4031
4242 4251
3008 4256
3940 4078
1925 4234
1416 2004
775 816
2830 4023
3227 4231
2100 3211
38 1402
2619 2879
581 3163
1200 3795
680 3515
166 1468
3694 3851
4137 4251
815 1194
76 1887
4093 4157
1412 1806
1220 2730
65 3742
3749 4059
3266 3858
784 3395
2005 2450
2460 3524
3319 3727
697 3827
186 2970
4161 4225
1388 1403
3254 3686
4030 4167
3963 4136
1749 2141
3972 4070
4221 4244
258 2925
3533 3659
4247 4255
1590 4110
2775 4128
1931 3129
103 765
2051 2713
2688 3925
3669 3691
4060 4121
2794 3903
4045 4081
1601 1893
2343 2839
1223 3403
3143 3285
2651 3706
600 3507
3140 3424
1069 3891
1335 2904
3654 3977
4196 4226
289 589
874 1797
883 1559
1757 3443
2678 2815
552 2929
1214 2443
2432 2820
136 1063
4177 4184
514 1216
4094 4127
418 3093
3006 3979
1914 3799
3805 3919
513 4122
1269 2365
3388 3518
2979 3864
870 3963
3360 4191
2220 3173
3224 3612
2744 3704
3984 4023
38 3562
262 974
950 1764
835 3710
1012 2021
87 2361
158 4213
3294 3863
2709 3117
1284 4237
1024 3772
933 2341
2996 4104
4221 4234
2383 2734
1448 1914
160 4002
579 738
2966 2996
596 1197
832 2006
624 3781
3930 4103
2451 4251
3502 4197
1525 3452
3114 3662
941 4087
1470 1552
1357 3919
2320 4048
471 3982
1909 3843
2907 4107
1511 2665
308 2815
1642 2322
2244 3010
2931 3005
2902 4198
3686 3901
1881 4188
482 650
446 1988
2821 4095
58 397
1540 1724
3182 4073
3957 3961
2125 3290
936 1003
1893 2920
336 2717
1917 2458
426 1037
2229 3882
2461 3436
3090 3191
4099 4223
815 3540
3571 4086
3819 4095
1197 1790
2861 3489
1995 2421
1979 2568
2010 3132
3002 4179
1881 3582
3520 3568
3538 4108
3043 3902
2998 3668
862 4089
1288 2672
1883 3747
2126 2350
2491 3862
2468 3850
73 4214
1302 2118
2259 2612
1995 3762
3668 4223
1820 2257
3800 3919
1822 3393
1618 2652
1323 4080
3706 4208
2245 3107
3459 3503
284 533
3692 4159
1462 3885
752 2535
2028 2665
801 3474
1666 3408
1846 3623
3733 4215
715 810
2121 2794
815 1104
2492 3533
2109 4093
1156 3168
3952 4229
374 3331
1335 1474
3278 3692
1875 2020
1812 3934
671 2097
712 2897
480 2053
3460 3690
2274 2533
135 785
56 1686
1931 3956
2924 3695
3719 3911
2709 3871
2191 4035
3139 3637
3598 3889
2476 2578
3735 4080
2200 3540
2209 2211
2537 2956
305 2074
2644 2798
2068 3229
3111 4190
1429 2009
1855 2354
2039 2311
2749 3822
1713 3943
3021 4080
2135 4158
1453 3832
300 885
2393 2590
3720 3870
892 4154
279 526
320 4231
3989 4028
2038 3368
3554 3867
1697 2528
1993 2616
3212 3634
3459 3597
3185 3267
3015 3827
100 1581
82 4046
2567 2710
526 2855
4221 4226
3191 3918
2317 3812
4099 4137
1068 2513
3188 3952
3470 3534
1830 3307
212 2918
751 2981
1909 4061
2330 3464
2729 3475
1896 2431
52 1203
567 3258
444 2346
3843 3974
3030 3431
2394 3502
3093 4253
4207 4249
384 645
4145 4228
3406 4067
1306 1824
3706 3716
2057 3024
2779 3963
3363 3806
1200 1862
937 1787
1856 2441
3869 4047
144 2514
4149 4188
3176 3353
3146 4069
2032 2876
2728 4189
1581 3676
2399 2634
156 3935
2070 2940
704 1027
3576 3601
1135 3649
41 266
3130 3811
3037 3754
549 911
3166 3857
3104 3376
10 1562
1733 2656
2491 2607
3089 3799
770 3595
2340 4143
747 4190
946 2513
2759 3133
1303 3356
3064 3619
2000 2427
329 3576
3275 3568
1374 4090
1564 3892
2825 3774
2569 3758
3358 3676
3028 4073
4133 4156
938 3106
1339 2897
1566 3859
1466 3092
168 773
1038 1905
3668 3870
1780 1797
1011 1685
1613 2883
3752 4106
33 2769
2958 3797
772 1563
3953 4010
277 808
1570 3294
1725 2403
3236 3363
1040 1155
3673 3938
3729 4083
1316 2458
3112 3751
2735 3422
65 622
4203 4245
1024 1755
1807 3731
1974 2774
3295 3308
3910 4072
2584 3593
759 1367
498 1335
3265 3434
3924 3953
4032 4119
2815 3513
3173 3969
438 3622
3160 3771
3398 3424
2485 3115
2318 4206
1640 1674
617 1816
3144 3430
3821 3938
3572 3704
2127 2795
159 3225
4122 4190
2215 3891
2681 2780
3387 3797
2890 3792
3142 3588
835 1274
817 2568
3416 3466
2892 4101
2385 2673
1852 2303
92 1462
1282 3071
1051 1318
2945 3290
3816 4013
464 1118
1042 2577
3273 3695
1346 2203
2199 3902
1571 4045
2610 3544
1361 2617
1153 3597
3936 4226
1879 4234
1596 4151
1483 3833
3207 3734
2432 3704
1266 2830
1553 2974
1010 1428
3107 3856
3556 3953
805 1252
2030 4234
3894 4102
281 3526
666 969
1856 3593
3874 4086
3285 4149
484 3853
1808 3583
1783 4046
4117 4145
1539 2073
2463 4005
527 900
243 2886
421 3256
284 3111
3454 3954
149 3787
4017 4216
1715 3801
3233 3483
2645 3255
3266 3978
1346 1604
2550 3028
3111 3220
119 1460
80 3946
938 3123
596 1695
1660 3874
3060 3404
3364 3803
197 574
2786 3278
3434 3536
80 2524
310 1699
478 1708
1569 4073
2809 3976
335 3206
1462 2968
2844 3104
685 1067
4128 4169
3640 4143
1809 2583
2899 3054
3971 4240
1607 3298
64 2032
2714 3063
596 1811
3080 3127
3631 3848
3444 3639
2079 3419
1452 2929
2850 3778
219 604
1836 2781
3197 4089
1639 2834
2817 2963
378 1418
2145 2667
115 2622
3618 3905
3299 3759
518 2199
555 3923
4 323
1207 1241
2225 2368
3690 4022
614 3259
2161 3424
140 1718
46 3365
3467 3968
3872 3999
1601 3762
9 2695
851 1781
1261 3555
1831 3458
1579 3839
3589 4024
3966 4217
4212 4218
774 2537
1499 2347
2286 2809
2506 3233
3016 3427
2711 3717
1658 3984
2241 2777
3433 4249
237 594
2553 3747
216 3184
979 3105
971 1955
619 2264
842 2679
4198 4236
280 4149
4025 4123
20 933
3991 4085
1033 2486
2613 2623
981 1745
1777 1925
1891 2027
5 389
675 2637
599 3555
1488 1706
847 2715
710 957
3601 4054
3046 4238
126 2603
2257 4041
4087 4165
2941 4189
2663 3498
4156 4176
188 1079
1047 2423
1306 4025
1090 3518
763 2569
2618 4126
1801 2518
687 1827
3781 4094
417 2890
3319 3964
4167 4253
1379 3438
4004 4051
3318 4034
2754 3400
1915 2387
669 2979
897 4223
787 1356
2250 4199
336 3801
2693 4254
4183 4236
2660 3789
1371 2941
1503 3036
301 677
42 498
530 4205
2160 3694
2449 3328
3954 4196
1695 2506
478 2809
1737 2784
526 1568
2283 3887
3467 4198
3192 3394
2789 3013
1725 2511
1590 3221
2416 3958
3430 3730
1278 2812
999 2316
1289 4166
35 571
2032 3421
2171 2674
439 3900
4012 4180
3566 3964
2127 4038
2746 3187
4231 4248
4070 4095
337 753
1489 1841
302 3916
4186 4200
567 3984
3622 3737
4007 4200
4015 4175
2268 3565
831 1138
2664 4200
3931 3984
824 3926
4256 4257
753 3335
3203 3903
459 4189
254 1842
869 3875
1468 2531
1824 3229
507 2036
1769 3775
1703 2109
274 2602
1891 2545
2950 3602
4173 4183
3308 4257
1527 4160
700 1485
118 4020
501 1125
3 1758
1244 3658
2364 3912
204 3018
275 1628
3535 4022
1983 2963
674 856
2371 2537
1888 3371
3629 3672
3359 4153
3236 3372
1915 2202
3913 4085
166 4189
165 2470
2292 4052
3039 3902
2212 2984
1043 2767
4103 4194
65 1060
1968 2921
3001 3468
4004 4206
2203 3511
4082 4129
3369 3620
2511 4111
3472 3824
753 1749
470 3506
3085 3234
196 2488
3870 4059
3347 4237
2415 3539
2795 3449
1060 2469
33 3734
3599 3756
4146 4210
3899 4127
1910 3812
3924 4094
3609 4131
705 2349
1263 2756
2627 4167
1388 2418
336 3977
1564 3738
2826 4171
583 767
4064 4201
2729 3535
2785 2990
4098 4197
2986 3810
881 1662
15 3098
722 3337
3073 3288
243 4240
1811 1971
2990 3783
2080 3464
3248 3634
2916 3290
2229 2398
2478 4026
1163 3972
465 3926
3726 4037
3793 3951
2254 3044
1769 4125
383 826
240 1536
1926 4053
3895 4048
1971 2099
2353 3605
1001 3984
3717 3844
3346 3888
1919 3825
2337 3050
156 2695
3650 3809
967 2350
3628 4136
2829 3654
2908 3311
447 3039
3457 4023
633 2936
1929 2353
1949 2981
299 4144
2473 3539
1463 3611
3463 3776
3174 3755
2871 3578
1306 2361
2984 3395
332 2678
1201 1336
52 2598
2066 3441
830 1446
344 1625
17 3207
670 3187
2234 3758
3887 4254
589 3235
2367 2626
2321 2866
2411 3172
1388 2355
358 446
2711 3608
972 2919
3093 3194
3292 3817
4174 4250
4191 4202
2280 2750
2892 3996
1455 3873
638 3205
2429 3759
3503 3760
2821 4192
357 2010
102 1167
934 2866
3026 3704
1308 4201
3977 4014
4212 4255
2132 4187
3965 3983
467 3228
4247 4256
3402 3484
3149 3243
1160 1744
1706 2752
1693 2507
3876 3976
2421 3922
312 3801
3323 3378
2154 3143
2201 3267
3191 3849
3249 3441
3119 4227
1325 3307
3199 4123
3106 3222
3533 3970
1650 3761
1005 3507
2021 2808
2377 3706
2412 3204
982 1537
639 2921
3353 3911
2460 4111
2804 3135
2801 3832
2116 2180
1641 2095
867 988
753 1916
833 1185
2467 2944
1405 1689
652 943
373 4240
446 3493
3979 4201
2570 3084
3635 4148
2538 2844
2685 3093
4150 4233
3437 4181
402 3583
3784 3926
1550 3977
2926 4090
3270 3852
3798 4038
613 896
3533 3694
3425 3769
340 3872
4121 4216
1151 3685
893 4100
1492 1565
3297 4173
3555 4248
3198 4026
4056 4135
2113 3692
3422 3810
2723 4228
4060 4164
988 1635
137 3017
1043 2950
3835 4166
2896 3268
2371 3410
1849 2584
71 4222
2406 2637
4084 4190
1945 2431
2841 4029
724 2712
191 1551
2330 3934
4140 4213
2781 3085
396 4105
4042 4119
117 3188
1654 3247
1545 2189
4158 4241
3813 3965
3694 4132
995 1350
3115 3350
1941 3863
2098 4128
3035 4185
3351 3860
3346 4232
4168 4206
3180 3677
750 2585
1471 3369
1307 3751
1975 3583
657 4114
4078 4185
2455 3051
3473 3715
3381 3630
526 1304
1418 4106
1711 2731
2573 3231
4062 4176
1122 2632
99 1123
652 1556
3982 4165
943 3856
3530 4209
2833 3808
291 989
2767 2785
4129 4133
1584 2150
3905 3969
2999 3168
2767 3368
682 2131
1864 3617
3684 4038
1791 3559
1904 2957
2824 3417
109 457
1461 1666
2197 3942
2603 3371
1282 2737
932 4000
457 1994
2657 3420
3118 3976
3593 4053
578 4182
3902 4083
1394 2788
2588 4203
3151 3344
642 4154
145 3502
2157 2452
2506 4184
955 3218
16 1662
50 1257
3747 3934
2971 4060
3827 4142
2896 3966
4018 4072
1296 1586
2863 4027
1702 2055
726 2280
125 4215
3566 3677
2066 2755
2982 3638
4074 4224
1983 2321
3267 3414
4039 4157
2738 3664
3607 4202
1675 2784
1738 2172
1637 2190
3634 3760
372 3610
868 3461
757 2292
723 1679
2284 3819
3079 3877
2309 2670
2046 2337
3300 4053
2706 3104
562 4180
83 2593
2895 3300
1699 3868
2928 3141
896 1158
2857 3240
535 3593
782 3294
4073 4237
954 3249
3000 3502
2340 2891
241 3413
2476 3417
4158 4215
5 163
707 3597
4248 4255
561 2485
618 3718
1433 3703
1759 2852
1302 2636
1200 3608
958 2705
3552 3866
3274 3464
375 2345
691 999
3536 3854
3515 3572
249 2659
278 3452
2115 2576
2655 2804
3445 3685
2910 3950
3109 3935
3476 3594
2925 3059
496 2923
355 3268
2915 3905
88 2153
1094 2659
853 3592
4184 4213
600 1670
1934 3632
1016 1323
1875 2452
3764 3902
3646 4217
2545 2968
2839 3688
3909 4048
1273 3981
2808 3735
3666 4166
2499 3529
3637 3979
3213 4179
712 1187
1148 3148
3487 3624
3807 3999
2449 3928
62 4131
3678 4177
2577 2627
3213 4202
1899 3597
1962 2226
790 4051
2594 3525
2664 3200
3127 4252
4118 4223
2341 3443
1443 2862
2883 2887
1702 4253
798 4139
18 1193
2295 2341
2924 3697
3226 3603
3262 3402
313 3942
1233 3944
1076 1895
1103 1761
2478 3251
3733 3797
3420 4128
1045 1330
1603 1915
2072 2358
3928 3973
3110 4013
3485 3637
2460 4076
4232 4246
1146 2523
1623 3927
291 3481
8 201
1118 2681
1847 2656
890 1532
2100 3675
3437 4127
3812 4039
1664 3210
70 486
3211 4045
1434 3888
238 2585
2458 3497
1762 2806
316 1210
3808 3828
1718 3095
2572 3134
3255 3758
1862 3245
1565 3894
3253 4092
2013 3014
445 1462
3511 4196
3798 3999
660 1951
3682 3958
1581 3746
1809 3656
992 1207
4054 4212
3275 4120
2321 2880
1606 3000
2889 4197
3380 3530
103 1243
1320 3559
2183 3576
3342 3390
111 2653
4146 4172
989 3098
29 272
3126 3579
966 1843
2384 4175
305 3257
3952 4173
1988 2184
2260 2376
2146 2990
805 1782
1860 3511
2246 2642
3038 3857
3218 3467
3106 4092
3062 3835
1912 3841
540 3213
3641 3978
448 3133
3276 3586
4110 4198
2616 4071
288 1733
1320 1907
3788 3891
2336 3208
1435 1530
2871 3534
1561 1695
2408 3516
2108 2564
3301 3726
3218 4195
2615 3541
4251 4257
828 2027
3600 3772
1497 2585
2904 3244
2273 2278
856 1088
992 1041
3189 3514
3978 4039
72 3821
335 3508
62 332
3332 4009
2432 3977
1355 3408
1182 1852
2809 3527
1582 2706
3233 3526
2206 2676
2713 2951
1997 3645
2201 3551
4151 4221
1551 3902
3538 4037
953 3117
2393 3767
2157 4022
4035 4238
2434 3427
3852 3991
1918 3233
3300 3707
1457 1686
1412 3645
1488 2728
2376 3157
2268 2462
2070 3371
876 3484
2959 3995
2560 4132
4087 4250
963 3872
1357 3675
2080 3452
974 1717
3133 3161
3082 3831
4224 4233
4090 4241
398 3543
3825 4149
1105 2983
2186 3053
2700 3734
2830 4036
1451 2030
357 3208
3805 3923
1919 3761
3695 4204
4008 4200
3100 4241
2170 3592
180 3715
355 3012
3215 3367
223 651
2512 3832
1907 2335
3029 3155
2726 3427
3644 3669
2827 3329
231 2452
2233 2749
3179 3434
271 3873
288 2443
1712 2987
3802 4209
2365 3881
1029 3827
2331 2409
833 2364
2590 3962
3190 3519
2984 3927
1511 3485
654 2696
3849 3996
1192 3091
3242 3584
1007 2643
2531 2632
1892 1963
2208 2403
713 2924
1197 3824
1963 2989
3157 4180
2481 2490
846 4165
717 2739
4046 4056
198 2592
3593 3685
1596 4079
2128 2970
3387 3486
1612 2604
868 4205
2055 3352
1309 3973
1942 2555
3897 4220
4191 4230
1250 1437
2141 2913
2161 3392
2618 4066
4230 4241
4155 4205
832 2614
3729 3899
2070 4013
3300 4057
2435 2460
2951 3943
4026 4250
3858 4045
3874 4215
969 1838
2091 3778
1762 2927
1170 3627
3321 3507
1135 2935
3460 4034
1286 3060
3963 4183
3572 4256
545 4051
1993 4054
825 2429
2024 2571
3804 3958
816 4232
1279 2805
90 109
3806 4020
802 2410
4125 4239
2010 2769
2593 4141
551 1209
3700 4116
1091 1266
1902 2769
1972 4239
2162 3284
1153 1400
1729 2436
4107 4153
818 3006
260 3500
3279 3845
3911 4166
3463 3909
2296 4038
3608 3823
2914 3198
2336 3689
177 1887
1432 1675
304 1138
1364 2461
483 2180
1469 3215
387 1642
1570 2523
852 1710
838 4156
2051 2878
1894 3317
1968 3277
1532 3348
3883 4026
1437 2641
234 1632
1351 1652
2491 2569
2548 3595
2993 3165
1592 2801
3586 4020
1734 2462
656 2040
2901 3809
239 2606
3195 3286
840 1060
91 1955
1498 3520
1402 1473
2062 3328
4119 4151
1828 2730
615 3923
1318 2496
2380 3992
2265 3466
1675 2343
2198 3327
3232 3609
1478 2346
2258 3501
1960 2355
3042 3310
471 1915
1705 3626
1952 3532
76 2491
130 3557
2916 3931
3184 4218
3409 4253
3362 3628
201 4049
3279 3320
618 2749
3634 3912
1060 2609
2796 4242
1677 3204
299 548
2082 3644
3505 4219
3931 4256
3185 4196
4052 4102
3473 4113
3441 4099
1788 2259
1880 3724
2773 3645
2769 4006
74 2301
3872 4132
304 2877
1012 2856
3537 4062
3834 3932
720 1338
3763 3812
3157 3739
3395 4175
1067 2870
3368 4161
1727 2912
3646 4220
1452 2466
340 1583
1303 2376
2058 4163
804 1532
3276 3483
368 683
2028 2942
520 1329
1328 1589
1819 4224
419 2580
2149 3200
803 1051
2290 3468
3504 4117
1325 3822
3360 3892
2060 2400
3417 3548
2520 4184
1941 2307
3468 3505
403 1913
2807 3203
3343 3735
4194 4213
4124 4228
1839 4247
2428 3446
972 2633
3315 3429
1490 1930
4022 4100
3355 4033
1467 3840
3511 3941
3090 3766
3603 3810
1836 3962
3898 4240
2272 2492
2416 3898
3961 4102
344 3377
349 3020
200 792
1133 3981
393 424
1194 1915
3550 4035
2906 3963
1441 3861
420 1558
4225 4236
360 1539
3797 3889
3418 4034
2999 3945
2325 4028
808 3851
499 969
1671 3622
1697 1973
469 3000
1969 3014
3634 4020
2823 4255
2282 2989
1224 3998
3845 4155
3244 4002
2698 2758
3956 4202
1507 2552
716 1768
1877 3992
3020 3572
881 1052
1585 1842
3986 4222
2937 3658
3985 4222
1764 1824
1408 4157
365 2212
3342 3431
274 2268
3305 3952
217 3249
1777 2659
1382 2074
2047 3468
3698 3970
3591 3889
1911 4204
601 2818
2422 3060
3198 3442
734 2674
1722 1835
3777 4053
2348 3474
3918 3956
3 1798
1815 2688
1541 2266
1467 3653
4164 4196
2713 3117
3402 3539
3947 4025
2384 3134
883 1891
4037 4103
6 1889
3330 3878
787 2694
2815 4152
3603 3893
2294 3441
284 2671
2371 2520
2456 3346
192 3677
1714 3107
1578 3962
3691 4002
2953 3496
2049 3848
1547 4172
3882 4246
3120 3211
3086 3635
306 1846
4028 4081
774 1559
969 1804
3571 3832
586 2292
4203 4243
4096 4187
2539 3454
1387 1955
2979 3661
3068 3297
3372 3939
3142 4036
2164 3836
1415 2295
3174 3537
1966 3762
1255 3279
3812 3911
561 3618
2283 4064
1381 3045
1384 1580
928 4048
3848 3980
3930 4177
67 3824
3217 3778
1257 2955
3013 3922
639 3047
1603 3183
2510 3392
1274 1587
2320 3134
1426 3270
1119 3436
90 3408
3208 3419
3071 4082
3385 3542
3996 4229
2061 2445
162 2768
2188 2687
4092 4142
2794 4066
2730 2867
3973 4190
2789 3386
281 2679
1724 3659
3707 4252
3150 3378
1888 3725
3086 3941
1643 3022
2302 3283
2178 2718
551 2479
686 2257
2016 3950
2436 2813
3956 4193
3492 4244
2608 3831
2651 3799
4096 4196
2598 3790
2004 3190
2749 4190
403 3654
3219 3382
3547 4173
1630 2266
964 3015
4249 4254
1272 2926
1709 2036
848 1546
430 847
3357 4257
3107 3888
3239 3619
232 1985
2296 3728
1736 3557
296 3245
4022 4081
1724 3362
1937 2971
3797 3817
1520 2202
2706 2884
2578 3363
814 3401
2306 2540
1700 3894
3044 4073
4180 4188
3107 3333
4053 4116
2797 3299
2111 2156
2890 4084
3503 3758
2149 3121
1620 3801
719 3842
3525 3806
3647 3868
1461 1589
2261 3099
1323 3836
573 1283
3045 3209
1468 4093
2133 4076
1367 4006
3681 3978
4235 4245
1093 4228
1669 2535
625 3954
3937 4130
1926 4091
3327 3444
3869 4018
448 2446
556 3290
2350 3557
1571 3997
1543 4076
3902 4150
2535 2867
1803 2700
35 686
3330 3352
3501 3910
3560 3757
1197 3216
2632 3948
2883 3413
1090 4188
1160 2907
833 4128
220 2996
2492 3550
2937 3856
1399 2522
3886 4144
1874 2802
824 2360
441 1818
292 1512
1330 1426
2454 2758
2848 3833
837 1144
2220 2624
2338 2753
1820 2374
873 1720
3251 3483
639 3095
2613 2988
24 3075
3257 3823
2952 3933
1050 3456
604 2944
2659 3640
2289 2908
1393 3856
3972 4256
2565 2943
886 1659
1065 2213
4097 4141
2231 2627
2754 4146
1289 3781
1410 3871
962 3662
2509 4013
4193 4252
1572 3870
2344 2979
2173 4129
340 2617
3989 4235
3129 3765
1246 1398
2194 2395
3764 4118
2941 2951
3297 4041
3114 3896
3766 3879
2556 3064
1091 3622
2737 2916
2807 3957
874 1657
1239 1939
503 3752
2698 2734
1491 3774
360 1984
2690 3190
2201 3535
3166 3822
3928 4088
483 1035
1443 3294
3868 4082
2680 3613
2335 4146
3948 4257
3144 4134
3051 3923
2004 4203
708 826
849 2725
739 1867
2842 3811
1507 4105
3713 3817
127 2826
3331 3637
1637 2294
3477 4190
1721 1814
4246 4253
2984 3044
3886 3923
3808 4170
2610 3716
2363 4257
3207 3683
149 1488
1705 4011
3698 3770
4152 4217
3757 4006
181 1315
3598 3774
3071 3434
1196 1771
4095 4108
2855 3499
185 899
701 1685
93 302
3214 3411
2492 2868
4215 4246
1090 1318
4105 4254
3814 4212
4164 4221
19 1288
3240 4203
1759 1768
1658 3909
4094 4121
1859 2762
1163 2286
1995 3652
8 2516
1029 4068
4233 4241
3374 3519
1702 3503
2915 3134
1441 3105
1539 1739
874 2747
2882 3351
1922 2841
3855 4067
3768 3978
2598 3464
350 505
1989 3133
2978 3852
365 1755
4104 4145
259 2625
2404 3637
56 239
3585 3931
247 1170
998 3927
1101 2708
3966 3976
3234 4236
2156 2906
2519 3487
1365 2331
2537 3073
1464 2322
1588 3054
1504 3692
3472 3971
575 3098
392 970
1541 3782
2888 3295
3557 3843
2404 3887
3068 3850
654 3117
2225 3413
3107 3945
185 782
1807 1843
47 687
3604 4177
2714 3323
883 2718
632 2476
877 2280
1740 2382
3619 3974
2478 4000
1459 1761
1304 4038
692 2958
2852 3013
2105 3876
3098 3602
2393 3085
2965 3660
3266 3880
1773 3712
2450 2867
2872 3532
981 4041
3610 4248
3255 4233
1649 1664
1214 4007
261 4149
1768 2630
3904 3913
719 1790
2269 3537
181 2244
2859 3337
2737 3358
1020 4145
1862 2515
816 1872
1065 1500
2985 3716
400 4186
3680 3856
3290 3748
692 1166
267 2569
624 1207
1310 2576
3155 3471
2818 2827
3276 3576
4063 4188
3938 4135
745 1906
83 1459
3924 3995
1592 3615
3912 4009
2919 3253
2720 3784
1845 3435
3503 4171
3127 3832
2363 2902
97 1984
3140 3810
2704 3909
3756 3962
3414 3613
3546 4221
2240 4129
814 1627
1398 2276
2831 3611
4071 4153
2464 3502
3134 3898
3074 3678
2657 3087
1302 1330
1615 2198
1681 2559
3453 3857
2475 2832
1789 3831
1641 4122
474 1497
156 185
2411 2835
1531 3762
3799 3981
2798 3695
3160 3371
430 3467
332 2651
127 279
2491 4071
1254 3469
2843 3466
760 1939
3485 4143
571 2339
81 3482
1376 3110
509 3398
1349 2303
221 3169
3695 3741
1800 3550
496 829
2377 2543
2744 3794
2031 3855
3241 3683
2914 3375
1679 4146
2699 2706
281 4239
3965 3984
1378 1821
1626 2320
2674 3602
1622 1835
2726 3778
3298 3639
1642 3003
2693 4237
3454 4166
238 969
907 3789
37 2210
2779 3781
3956 4113
2070 3392
2051 3882
3882 4117
2669 3732
461 2327
2894 3759
2764 2981
1847 3919
2528 4092
2262 2804
1141 1353
1601 3451
2843 3180
129 352
21 2276
1322 4174
3779 3952
999 1252
2597 2648
4220 4239
3353 3476
2725 3930
2119 2193
532 2060
2053 2315
1897 2451
3470 3556
1888 2691
1242 1822
246 1285
2285 2316
524 3598
921 4180
4232 4245
2492 4072
3333 3358
580 3749
3203 3613
3949 4199
145 3312
2161 3012
3128 3159
2237 2422
1980 2235
808 3057
3159 3551
1319 3254
1562 3328
1867 3848
1013 2849
4031 4046
2259 3857
1765 2802
2625 3346
998 4086
3199 3446
1503 1573
3091 3429
205 3814
260 705
428 756
2243 2597
2713 2760
474 3215
745 2335
3825 4208
2908 3639
2585 3837
3314 3338
2915 4094
3376 3936
3851 3938
2474 3599
158 1964
536 769
1431 3382
3652 3682
2198 3013
595 602
2310 3103
1750 2799
267 3301
2984 3589
709 2900
1291 3427
2422 3177
1647 3238
1909 3247
3078 3542
1600 3226
533 997
299 3864
3979 4175
2147 3979
3998 4084
3990 4073
1402 4081
2270 3125
2155 4168
2171 3997
277 1825
3413 3698
3106 3826
3203 3905
3315 3367
666 3956
4000 4135
2920 3398
2359 3168
968 2741
2428 3247
3008 3666
144 215
343 1858
3411 3791
3458 3802
1313 4189
2173 2420
1123 3481
1253 2578
1787 2086
2989 4246
3195 3372
2322 2707
955 2886
4141 4226
1834 1976
1130 2273
3896 3963
143 2566
1655 2025
3873 3986
2072 2892
2742 3619
4029 4238
1430 4210
3183 3767
3474 3660
2740 3497
3773 3862
2038 3723
3906 4131
1866 3276
372 3003
3324 3878
2864 4202
1031 3723
534 2755
943 3405
2796 3478
2676 3090
3250 3961
1056 3817
3899 4085
1445 3764
3981 3982
1535 3761
3200 3614
4195 4257
4126 4208
3768 4147
3287 3291
1370 2918
2114 3731
3750 3774
2529 3600
710 1421
3190 3426
3666 4249
2329 3508
894 2904
2735 3121
1048 2480
1736 2567
3838 4191
3380 4182
3748 3930
3739 4081
1324 3872
1628 2947
2860 4257
296 1836
1241 2075
2603 4028
1860 3915
3223 3670
1074 3338
2417 3147
1611 2019
694 3887
1601 3547
20 3408
1012 2583
1577 2359
3016 3202
2195 2877
910 3957
2799 4079
2296 3488
1588 1979
2128 3723
3856 3860
1880 3493
4133 4167
1370 2610
2842 3368
3155 3356
108 3778
3533 3667
2507 3984
3995 4089
3857 4240
33 4252
3082 3678
2016 2246
2031 3264
486 1753
4114 4214
2029 2115
3010 3091
2486 4046
2147 4000
1269 2707
1979 4195
543 3812
2852 4152
1202 3416
4204 4223
604 4220
743 4080
3841 4166
1337 3198
3476 4247
2361 2955
1695 3007
3684 4100
891 1606
1571 2683
2399 2982
1142 4233
218 856
860 1612
4122 4185
830 2277
3603 3873
48 2525
453 3242
3406 3450
3619 4058
2909 4236
1725 2919
2572 3687
690 1987
752 2538
2932 3231
3723 4225
952 2243
2846 2991
2829 4151
4107 4189
3541 3808
341 4159
2865 3699
3584 3792
670 1794
2364 3998
1854 1907
1469 3092
500 3249
3621 3712
3900 4232
820 2408
142 4256
3155 3629
3867 3935
2240 2931
2221 3724
3297 4139
3573 3661
3719 4250
2552 2944
1220 3674
3260 4149
2603 3582
4224 4227
3338 3793
1402 2983
4109 4160
1049 4145
2973 3011
1137 1776
1955 2727
367 4232
3040 4174
1188 1327
3419 3956
991 3399
2665 2960
2987 3823
362 422
963 3460
2571 3026
1561 3955
456 3092
4174 4222
762 4223
3358 4187
3198 3661
2392 2954
433 4212
3871 4003
3274 3423
3433 4098
2494 3457
1503 2280
521 2909
1293 2169
169 1531
76 1004
3019 4255
2230 3727
2031 3611
2433 3151
1689 1797
2813 4034
309 3120
1843 2643
169 2649
238 4135
3841 4221
1253 2237
2138 2197
2935 4242
671 829
2909 3501
3378 4002
3763 3824
2403 3131
388 1331
2792 3512
4120 4183
3735 3743
3004 4167
801 1444
1040 4131
1685 4214
1897 2468
406 4037
630 2283
250 2602
582 782
921 3162
2641 3940
1931 4046
1329 1880
3543 3683
3377 4156
1257 2366
1095 1644
1294 2233
1117 3219
2158 2486
3884 3959
3671 4160
1442 2302
3132 3514
1864 2589
1076 3029
4158 4165
2102 2929
1234 4250
971 2814
2488 3869
3875 3976
3572 4187
2518 3951
1217 1566
2378 3194
2976 3935
1266 2870
113 787
1122 2677
1667 3039
4132 4234
554 4072
2674 4173
1962 2280
1653 3717
752 786
4145 4161
2117 4160
1429 3329
1022 1051
3542 3846
706 3125
3092 3730
728 2303
1401 3267
826 2660
692 2003
1941 2306
662 4125
1365 2125
1927 4035
3560 3890
3128 3440
1824 3898
3070 4217
3631 3948
2878 3093
3117 3713
1674 3538
2289 4034
4083 4177
898 2302
1082 2672
1569 4192
1946 3546
2642 3971
4015 4172
2705 2901
1965 3568
4002 4058
67 3137
914 1423
2282 3667
292 616
490 2026
3601 3942
3673 3994
2760 4231
1996 3184
1953 3656
1292 2414
3712 3798
2195 2405
2682 3184
2652 3872
576 2551
4078 4238
3537 3785
1710 2644
2060 3586
4251 4252
3160 3341
1188 3625
2111 2275
329 3536
942 3843
2713 3530
608 2572
4136 4175
824 1638
2186 3475
123 1137
1626 1989
1348 2812
4076 4166
3250 4051
1937 3964
661 2119
3998 4221
1761 1857
926 3529
345 3451
1023 2154
259 2047
3885 4196
3187 3288
367 1515
66 2813
1334 4255
1143 3157
189 3714
648 2651
45 3203
209 3948
2168 2668
450 1001
375 1298
3585 4010
1123 1229
3868 3932
972 2223
880 2225
1589 2169
243 2010
938 2124
3928 4219
3283 4002
4244 4253
521 3883
1829 3649
3270 3779
4020 4186
1612 4090
3995 4049
1482 4074
2007 2613
3104 3631
1175 1278
3577 4212
561 2280
3482 3761
3891 4209
771 1088
1209 1644
1747 2909
4034 4092
1155 2906
2650 3128
271 3651
576 2712
2039 2898
2887 4022
3314 4046
2810 3999
1922 3923
3357 3675
3045 3932
2172 4080
3309 3458
3716 3976
2926 3558
2795 3376
1153 3163
1381 4060
1667 2551
2924 3528
3143 3749
1147 3832
1017 4105
4114 4227
2898 3702
2939 3911
2553 3552
381 3019
3808 4035
1858 4196
3968 4115
2690 3849
2814 2928
3454 4181
1235 2819
477 2187
774 1653
1036 3464
911 1299
2516 3935
3564 3919
829 3343
305 2572
2587 4185
128 897
210 1482
914 1482
1346 2927
2691 3334
989 3800
2277 2853
3579 4163
677 1741
938 1701
3296 3541
3971 4075
1495 3302
9 1120
2677 4064
473 3165
1815 2893
2577 3499
3660 4035
1978 2157
3210 3568
1380 3706
3753 3883
1282 2798
2782 2872
390 3637
779 2547
2630 3292
1102 1236
3387 3715
1457 2077
4106 4164
3136 3149
3289 4044
3093 3564
2854 3535
3025 3507
2796 4053
761 3845
3086 3450
1845 3422
2932 3333
4094 4257
2681 3221
696 3085
3931 4032
1587 2742
946 3056
1258 1646
4137 4197
1133 1484
2886 3187
1368 3993
3294 4022
3991 4118
1070 3056
2009 3905
1829 2662
3822 4026
2844 4187
3411 3476
1353 4022
1397 2343
1545 2979
493 690
2466 3028
1391 3855
949 3968
5 1905
2864 3803
2362 3696
4016 4049
3029 3547
2255 2545
2940 3688
1423 1928
4199 4234
513 815
3445 3795
3361 3613
3698 4180
3691 4142
1754 2688
720 3758
2141 2316
2747 2886
3326 3962
2474 2499
1321 3362
4244 4254
3853 3877
1186 2237
3704 4241
1054 1872
2006 2691
3814 3917
1628 3209
3537 3914
4057 4244
1994 3426
2030 3782
364 2615
1336 1635
1548 2761
2169 2565
1748 4220
3091 3433
638 3406
4037 4212
278 2880
2067 3054
1208 2764
590 2053
3025 3913
1025 1961
2559 3438
3246 4225
3494 3873
2019 4062
1820 4043
3240 4172
2124 3458
3664 3890
3517 4144
4151 4204
532 3976
996 4216
3785 4162
1188 3568
1187 2111
3452 3864
30 4141
2275 2800
3305 3629
3332 3916
3420 3421
1739 2014
3865 4202
1992 2367
3161 4252
3453 3812
2725 2915
490 2052
3372 3820
2873 3101
1469 2435
1447 1548
2555 3066
1002 2970
1066 1465
2260 2892
1497 3317
2323 3638
2949 4168
60 2031
3247 3318
1829 3267
2659 3917
3148 3709
1824 1930
2120 2467
2199 3312
2293 3214
536 2843
2604 4064
2507 3103
2341 3793
127 2991
797 2314
411 2542
2724 3584
4202 4246
1790 3609
2705 2948
4154 4236
3883 4003
914 1893
434 1236
2026 2250
1765 2885
531 1965
982 2327
3136 3859
77 3041
3834 4253
1209 1265
518 1363
688 2942
1936 2743
997 3700
825 1985
1702 3098
3002 3179
3717 4038
3315 3393
1664 2983
458 4241
2940 4110
2156 2521
1028 2590
1122 2460
3940 4056
2832 3706
1902 3184
125 2127
1896 2112
3492 3692
1770 3781
3851 4193
3642 3698
709 1537
2984 4156
2788 3424
2395 2906
3342 4069
2774 4161
838 3522
594 1272
1453 3468
23 3843
188 3461
2917 3584
543 1869
423 699
2103 3661
1941 2726
1226 2083
1303 4045
3465 3511
2175 3558
1634 2494
866 1152
2224 2399
1998 2207
1540 2395
666 3815
972 1263
3078 4151
834 3966
2764 3500
192 1553
1769 2963
3992 4237
1132 2679
4136 4145
352 1283
2721 4026
1093 3237
548 4054
3982 4211
2942 3550
3916 3930
172 3571
3175 3976
146 1406
586 2819
2352 3952
1879 3702
1149 3477
2829 2893
735 3171
107 2548
1593 2902
2331 2757
495 3564
4122 4240
4007 4128
2654 3270
4200 4225
3420 3680
3054 3748
2686 3678
1518 3219
163 574
1277 2021
218 1011
2426 3385
889 1148
2693 3764
3923 4029
198 1057
3213 4190
1681 3077
242 772
4171 4214
726 842
1483 2406
660 3037
2934 4078
3250 4105
935 3784
3225 3859
256 2873
3001 3401
2686 4074
2613 3330
3511 3683
994 3183
26 457
595 1768
2205 3629
1284 3460
4095 4146
2781 3383
4252 4256
1668 2961
3642 4012
349 1141
1810 3811
2321 4026
958 1031
1178 3211
2698 2899
3620 3622
3624 3837
1712 2725
4171 4239
737 3766
2678 3158
3628 4034
2403 2949
1325 2889
4014 4031
1355 2585
3511 4093
139 2456
3151 3730
3846 3874
4203 4219
669 966
1075 3175
3350 4143
189 3371
1245 3933
4092 4199
3906 4138
1752 3938
843 2531
94 3470
3375 4141
1550 4060
2270 2700
3687 4053
3650 3863
1330 1606
3410 3547
3769 3836
4081 4195
2915 3218
675 1763
4074 4210
2510 2743
788 2238
2994 3913
2799 3631
167 3580
1818 4120
1837 1857
1177 2198
3984 4084
1645 2790
863 1766
2623 3396
436 1865
2682 2992
1623 4250
1451 1925
2627 3809
1908 2653
1499 2823
1510 3706
2763 2771
3502 3970
3358 3515
488 713
2002 3872
765 2933
2866 3014
625 1708
3499 4158
4186 4201
2015 4235
3139 3148
963 1733
2459 3882
2970 4022
2314 3923
78 2394
934 2108
3469 3599
2760 4001
2291 3899
1636 2871
2753 3176
2303 3000
2670 3463
232 1329
3145 3948
1031 1223
1147 1487
513 4089
1438 2709
22 414
3061 3946
470 664
4098 4203
1101 2137
3490 3828
2288 2578
269 1802
541 3843
1006 1551
3788 4164
2674 2923
1365 2104
4244 4252
1922 2051
3113 3355
2769 3638
1214 2712
1501 3007
2924 3738
2764 3838
1118 3507
378 2433
2166 3225
1897 2087
3422 3530
3386 3716
246 1886
3658 3847
2275 4064
2688 3509
3671 3842
959 1265
4063 4092
2843 3590
1459 1646
3098 4078
2141 2906
2014 3774
3579 3759
1222 3245
2240 3103
3865 4234
1512 2581
1571 3158
1872 3589
760 915
3664 3952
2500 3787
2727 3570
1989 3361
1203 1624
3411 4064
633 1150
4196 4253
3656 3705
252 3003
229 1312
3529 3940
2686 2998
1731 2263
2612 3203
1012 3076
2764 3756
2385 3738
3724 4052
1911 3220
2987 3736
4163 4241
3975 4184
1413 3933
124 3481
3011 3126
2214 2383
4106 4244
4166 4191
2405 2939
1117 1605
4243 4248
4039 4121
2791 3091
3718 3935
2255 2344
4134 4136
804 2798
3388 3962
3137 4023
1345 4123
1438 2078
159 554
2151 3884
2853 4222
3564 3737
1342 2036
1337 3630
1595 3631
1513 3212
2834 3781
2800 4039
505 606
4049 4235
3304 3934
2877 4226
255 1472
74 327
433 3545
1746 4080
579 3109
769 4108
566 3130
1047 3564
1383 3699
4128 4227
2537 3008
3561 4114
1546 3656
3636 3721
2431 2634
2641 3774
3593 3931
4212 4251
498 728
3863 4096
1617 2920
1626 3926
2447 4183
1055 1435
3320 3442
3569 3877
2756 4238
616 1322
4134 4169
2913 3972
2159 3568
1060 3036
3127 4191
1072 1900
3417 3706
1516 3155
2503 3845
336 1361
56 3262
788 4148
4110 4168
2493 3466
3236 3598
1660 3650
2089 3468
2183 3674
2548 2976
3017 4021
4216 4235
877 3774
3969 3987
225 3948
4178 4234
2536 3813
1633 3829
3203 4159
3398 3514
1237 3074
2814 2882
2126 2953
2385 4100
405 2478
3447 3641
752 1113
1254 2364
4006 4219
31 3119
3166 3974
2431 4110
3527 3826
181 2383
3142 3549
1757 2896
2327 3199
1631 4095
2767 4158
3488 4187
3047 3766
2348 2630
1112 2245
4169 4211
3749 3777
271 1568
1325 2875
4024 4078
2645 3673
2248 3878
1203 2171
2 1828
2731 3245
470 1783
1762 3573
2948 3126
2095 3220
111 827
1961 3924
1544 3117
3099 4098
2929 3205
846 2901
2039 2943
2749 3566
1351 4196
2391 4094
244 2881
1418 1500
3343 3884
1746 2803
2535 3980
4044 4068
1088 1376
317 1093
1949 2542
3553 3908
119 3562
787 2282
558 3486
3262 3297
2576 3264
1835 3995
1177 2586
3046 3175
2734 3574
484 592
2678 3307
1995 2393
1932 3010
3270 3273
2575 2913
2304 3278
382 1402
4180 4185
2113 3384
2199 3668
3547 3724
4188 4229
686 2776
437 882
3920 4078
2589 4239
1102 2767
2006 4210
1759 2917
2089 4184
570 2670
2912 3393
3313 3499
506 2678
3662 4091
381 4086
706 3073
3736 4025
828 2434
3926 3986
2609 3604
3564 3798
1691 1700
2416 3843
2578 2831
3036 3954
803 1856
2507 3608
498 3828
2280 3332
898 1540
2637 3785
2517 2704
3967 4046
2414 2909
28 3498
2228 3651
3945 3976
2823 2837
2381 3474
1788 4047
810 3856
77 1350
354 3847
1279 1448
3872 4107
2977 4229
2974 4215
2285 3544
3335 3614
1510 4050
826 4005
1281 4093
2804 3255
456 2981
3498 4231
764 3685
1436 1488
183 2610
2408 3639
245 2482
857 1357
2458 3756
3415 3806
3338 3743
490 651
3232 3737
2788 3077
1214 1644
1625 2040
4019 4216
2512 3719
3139 3297
1007 1616
265 4016
4010 4032
2134 4119
2134 2280
3486 4005
3504 3711
3293 3734
1742 3154
2677 2952
1790 3751
2068 3003
2778 3571
1220 2154
2487 3701
675 2236
2161 3845
324 2015
505 2702
3796 4168
3790 3918
98 2563
1968 2111
551 3120
2117 2868
75 2510
2981 3182
175 2785
97 1962
2466 3066
2245 3396
1251 2514
4094 4131
2166 4035
2951 3298
343 2476
2042 2372
3778 4070
3823 4107
855 2266
579 596
2238 3210
3224 3761
297 3366
3940 4063
2680 3003
2660 3983
3732 4162
2461 2572
3643 4219
1295 1716
2271 3365
2902 3701
1560 1983
1010 2164
1550 3887
1789 2006
2710 3185
2760 3226
2914 3913
1487 3558
1195 3239
1750 3836
1709 3777
1813 3057
1185 4198
1822 4142
1700 1859
3460 3539
1358 3469
3485 3543
3589 3778
3441 3495
2525 3475
2019 4101
380 3615
1630 3654
1685 3563
4006 4257
3330 4076
2418 3407
2806 3587
3761 3861
2319 3827
3895 3981
3653 4212
2355 2713
3309 3483
3797 3895
1374 3035
1417 3479
1214 3938
1783 2424
2214 4119
1811 4142
74 1938
4058 4164
1062 3709
1051 3754
3447 4139
2130 3005
3899 4157
3526 4058
1801 3605
3779 4154
3302 3521
595 3261
3259 3931
3206 3346
2246 2636
1510 2836
3025 3659
731 1028
3832 3993
3110 3294
2051 3831
4034 4106
623 3379
2224 3222
3625 3769
3814 4114
1144 3671
3354 3548
1499 1948
1784 2034
467 2771
2063 4179
911 4190
3833 4141
3373 4023
725 3711
3907 4179
1389 3519
3837 3863
27 107
1549 2424
1321 1983
637 2798
3822 4023
2349 3259
2156 2493
649 2718
2093 3954
2060 2321
2166 3203
652 1616
3269 4186
2360 3777
1874 2126
3778 4250
3956 4157
3675 4093
2061 2486
2414 3566
2478 4022
728 788
2375 3759
144 831
2156 2993
3963 4163
2765 3296
2899 3454
3289 4126
604 3445
3985 4091
4241 4252
1118 3056
2393 3532
3492 3868
1070 1813
148 1937
3757 4163
1853 3713
19 404
2599 3152
3662 3750
904 1158
3115 4097
3685 3844
3130 3880
2476 3489
1471 2354
273 471
2405 3559
3707 3933
2578 3238
3061 3856
565 4223
2696 4082
3948 4157
3771 4100
1854 2011
1539 3283
3503 3872
908 2485
2311 2865
4152 4182
2983 3819
3690 3851
4174 4248
2840 4154
939 1549
3189 4191
2268 3243
245 2989
2274 3585
183 3919
4133 4254
3457 4141
610 2769
2699 3439
50 1965
2563 3378
3032 4227
3858 4001
3840 4165
4155 4237
3416 3585
3783 3974
1018 3808
2059 3597
490 2381
1096 1530
2519 4126
3021 4067
914 2225
3244 3385
3106 3292
1475 3476
794 3211
4194 4204
4128 4142
3368 3564
3446 3544
3046 3931
3542 4244
158 1331
1170 2721
3950 4173
512 2827
1229 2185
238 371
2762 3280
247 3429
2434 3180
3934 3945
56 1609
752 3513
950 4018
224 4063
520 850
2630 2850
2590 3869
3804 3962
2141 3040
399 4152
2744 3744
3516 4029
2509 2537
837 2540
3466 3974
2253 4027
3370 3982
2407 3418
2751 2799
1069 3185
1737 2152
3835 4241
1858 3093
137 3346
2112 4031
2502 3238
1223 2213
370 2878
1578 4060
3698 4165
3688 4043
2046 3152
615 1786
970 1826
3224 3605
440 2602
1963 3576
145 3203
2927 3726
1121 3873
1380 4202
1025 4080
3372 4221
1461 1476
3345 4050
466 3559
42 1938
1489 3106
3656 3754
317 757
3712 4231
1834 2294
2074 2108
3507 3537
115 3132
4060 4235
4133 4146
3228 3497
3666 3705
2667 2790
3833 3999
446 2071
88 1111
1919 2792
2135 3132
2824 4154
2847 2981
3946 4194
1731 2108
582 3284
201 1028
4159 4189
2609 3488
1216 3580
4013 4086
2135 2279
1090 2511
1815 3487
2136 3759
2189 2365
1490 3565
3497 3868
637 2909
3066 4038
501 687
1193 3278
86 3984
295 2610
2014 3370
216 3309
1160 2342
3445 4144
3182 3686
1599 2365
4015 4130
3751 4032
3540 4004
1876 2412
864 3274
262 297
1406 2077
3846 4247
3117 3888
3751 3826
3163 3245
373 2312
777 2410
499 4094
636 1111
4184 4248
3460 3525
1966 3972
612 3645
190 625
3973 4040
1336 2496
2598 3314
3492 3652
2877 4018
1355 2204
4167 4255
3542 3787
1459 2251
3572 4204
4153 4213
68 3328
4249 4251
3080 3121
4112 4127
2665 3548
1588 2106
1644 4013
1716 2860
728 2957
2766 2990
854 1599
3705 3964
614 2219
3592 4138
2086 4230
1984 2197
674 3566
1966 3797
3204 3524
292 3451
2869 3745
1283 1464
260 1258
782 3815
2539 2789
3651 3932
1070 1145
1436 2819
3634 4185
4010 4223
1668 3484
1864 3457
137 4225
1354 3717
109 2451
1163 2290
2716 3857
416 588
2407 2854
2467 3017
3421 4065
1269 3312
3019 4051
440 3441
2540 2584
816 2531
21 739

1132


