1353 2541
803 943
912 1269
363 1317
463 501
280 572
860 1307
120 203
605 770
550 1287
330 1166
47 442
340 1176
915 1206
12 886
1332 1336
616 1332
86 892
730 958
875 1219
227 239
539 1157
1177 1328
694 775
804 886
1277 1292
514 901
338 927
558 945
232 237
158 1285
1113 1221
923 1281
1059 1185
754 924
471 606
539 816
267 681
646 758
417 1140
153 712
181 942
505 854
395 617
9 604
30 573
118 139
1156 1338
1173 1316
800 1146
313 970
973 1288
132 1238
190 1215
241 748
602 694
585 1202
1214 1320
896 940
1325 1350
278 541
856 1016
69 633
417 549
1215 1273
496 816
113 938
364 547
503 725
885 978
1139 1301
224 714
560 1238
1089 1137
738 968
351 1142
1158 1301
539 798
858 862
1281 1316
632 1330
826 1316
363 554
1185 1211
721 1285
1096 1272
204 880
1325 1331
1343 1351
114 1174
822 1278
743 800
1128 1269
1003 1238
403 740
461 768
93 706
562 1169
723 1055
772 1157
489 1056
1321 1353
709 1010
633 946
352 858
210 734
420 1066
616 1195
77 477
734 1214
755 1267
1088 1229
495 676
1339 1350
616 1080
343 436
336 420
487 1248
215 1062
880 1096
1210 1248
1160 1194
490 1223
1178 1249
9 449
179 443
895 1210
958 984
1010 1043
644 1002
148 837
308 731
929 966
615 957
684 1163
1074 1252
473 1289
1027 1167
556 624
339 1331
821 1060
668 821
978 1320
994 1351
370 690
1337 1345
1112 1287
946 1030
688 845
561 1020
373 1151
531 1041
140 1235
593 1016
420 950
435 924
1252 1292
1246 1350
1192 1349
80 1128
347 1099
1079 1205
32 116
434 520
559 569
996 1093
944 1155
437 1345
3 480
554 1302
682 1034
897 1234
1112 1283
1106 1219
751 886
646 691
989 1140
1296 1353
772 917
1009 1323
393 884
1038 1339
523 1285
1032 1248
1200 1283
876 1031
914 1286
1265 1328
585 959
1291 1341
1309 1345
1257 1336
373 906
1323 1350
1267 1300
1319 1329
1178 1262
1001 1024
566 585
801 989
88 385
435 1321
891 1043
673 904
959 989
301 731
441 791
495 595
1310 1318
489 981
1157 1173
255 1306
158 362
1346 1347
656 772
492 1197
941 963
32 187
938 1159
974 1034
484 606
376 1288
926 1147
433 537
945 1321
1231 1284
221 1243
1198 1288
88 525
438 1099
150 306
1099 1185
1264 1315
1255 1328
534 781
1034 1168
457 1114
750 1315
1296 1305
1229 1351
927 1172
650 1100
1090 1130
425 949
558 780
181 748
1145 1332
918 1308
568 1116
1211 1343
1087 1267
388 1323
1245 1293
1220 1272
1309 1340
88 691
21 599
288 1032
361 1034
584 758
381 1204
419 446
644 711
100 1348
1348 1349
1149 1267
997 1026
769 1005
289 1010
1231 1268
941 1154
792 1229
1220 1262
105 780
610 883
469 902
1276 1318
1143 1200
739 1295
1280 1341
447 857
346 650
704 795
853 1193
727 858
737 1215
312 653
486 1031
792 885
765 1336
513 784
429 1117
507 624
555 1278
1198 1335
353 559
1216 1328
1189 1314
389 1182
118 610
1352 1353
1143 1320
505 838
1221 1297
412 703
740 985
908 1197
383 1319
161 270
1339 1351
234 492
42 734
1069 1132
1202 1219
1173 1276
710 719
584 1106
886 1075
1152 1317
33 900
231 1014
1239 1343
660 1145
881 962
952 1127
1028 1243
909 932
600 917
903 1096
80 158
1237 1265
244 1287
1194 1310
669 1265
924 1012
360 692
191 1236
1017 1196
33 133
84 1008
622 1142
901 1065
736 953
1311 1324
1351 1353
887 1082
6 833
4 1051
219 1068
536 802
106 608
430 452
334 779
111 251
1050 1261
861 1194
411 921
539 1199
478 944
460 603
694 940
848 1131
1156 1284
317 502
141 676
887 899
535 1227
1239 1292
657 1252
1039 1063
563 1092
1216 1249
424 1068
71 421
869 1196
772 1249
1129 1317
1286 1341
1146 1331
1310 1347
660 1264
695 853
1107 1301
769 1112
638 1235
144 1305
437 889
841 1079
481 1016
847 1162
708 1074
270 1144
134 662
1018 1240
705 771
518 889
154 1190
440 1097
323 791
430 594
759 784
719 847
296 1067
106 1257
1335 1338
56 255
519 1181
623 1324
941 1250
711 855
1082 1203
216 351
159 1321
1009 1167
798 863
525 777
362 417
694 1231
272 355
1245 1340
272 595
941 1206
1265 1296
361 853
1256 1260
654 799
756 877
887 1093
152 1095
720 942
750 1233
454 906
589 682
1166 1248
878 1024
986 995
1008 1062
726 1286
1258 1292
1053 1058
310 354
52 78
1029 1117
486 693
818 1026
836 873
101 139
423 1041
406 896
25 75
577 647
636 740
1184 1287
557 1217
82 892
155 1082
178 1173
311 729
832 1317
825 857
665 691
169 1296
1144 1350
657 921
1189 1300
530 576
721 907
611 690
241 1208
550 1218
639 1245
1238 1314
843 904
841 911
502 564
225 517
1227 1302
503 991
1016 1040
952 1138
539 1081
318 556
1138 1227
773 798
89 721
143 1164
120 197
561 691
1090 1239
23 497
956 1076
340 501
499 1164
344 826
362 926
291 304
886 1311
1253 1269
654 1343
879 1207
908 981
1121 1346
1299 1316
944 1334
404 525
821 1009
381 1016
1112 1258
60 292
837 1155
994 1065
686 773
244 637
379 584
396 671
1024 1237
1350 1352
968 1103
815 1149
1210 1352
1167 1344
158 734
1058 1199
369 879
643 1272
1012 1078
973 1323
619 1089
208 395
534 859
523 818
471 479
528 1222
575 804
589 635
372 838
575 1304
1224 1312
1107 1128
1179 1181
300 540
97 821
713 761
1083 1305
787 832
1340 1342
1315 1348
84 555
366 610
1030 1079
520 644
235 527
1270 1306
1168 1325
1277 1332
348 1032
834 869
508 1343
964 1322
692 841
870 993
297 796
549 940
453 1081
500 731
782 996
516 610
406 656
418 707
1070 1292
417 644
221 722
297 742
801 1122
320 1071
1236 1305
539 925
343 640
42 884
918 961
793 910
518 734
794 1112
156 421
723 1017
1000 1213
18 1049
420 1174
394 891
820 1040
535 770
1269 1307
1256 1340
473 1090
43 1032
277 600
87 457
1214 1265
201 1336
802 805
707 1002
365 848
912 952
1020 1068
1223 1309
451 1287
980 1285
989 1283
1194 1233
969 1036
1024 1226
778 1332
774 1059
305 622
1073 1170
667 938
1117 1308
423 1211
261 874
948 1246
819 1122
915 1314
1318 1332
1207 1208
524 864
981 1288
1222 1353
1227 1229
874 1072
1155 1341
171 1214
837 1275
1297 1316
1009 1181
820 1058
207 546
201 373
620 1133
940 1346
1073 1141
1330 1333
209 400
1155 1345
1250 1348
750 1201
977 1031
40 858
391 1298
399 750
850 853
63 930
544 932
1208 1254
331 408
691 898
1328 1343
821 1054
1064 1317
1143 1304
503 573
1329 1334
316 641
901 1104
827 1120
1190 1205
97 1047
1153 1223
1086 1282
1244 1285
1175 1246
148 637
685 767
170 1241
1189 1223
1317 1329
39 790
1188 1274
799 1235
246 676
933 1014
419 559
803 1095
8 270
1066 1113
1231 1331
433 641
780 963
1152 1218
777 1161
726 1302
1303 1309
119 949
1191 1303
1343 1345
1101 1283
23 1041
1167 1180
531 1063
1195 1307
930 1077
422 863
1316 1334
811 1101
117 246
624 1028
72 324
350 1010
93 1129
170 394
502 1060
1152 1169
419 1053
37 518
1125 1150
410 829
328 467
757 910
844 956
1123 1169
400 1137
1338 1349
231 1061
70 313
919 1035
420 1331
722 985
1145 1169
1213 1259
320 343
1228 1328
315 1054
870 972
980 1165
415 830
27 627
207 1276
214 591
946 1100
1107 1284
445 467
555 764
1215 1325
359 1160
269 520
372 623
73 1048
452 1056
608 1336
698 1248
1112 1162
1019 1172
58 1015
448 1121
289 1121
174 391
1056 1268
668 1332
160 645
124 1271
1141 1227
1232 1316
618 1255
139 495
1280 1345
321 876
684 846
1071 1076
23 329
1299 1306
667 836
372 1256
446 803
601 1074
924 1328
540 1204
933 1088
703 873
226 915
266 454
282 684
638 747
1340 1349
575 1206
146 671
794 1023
323 957
734 820
493 1322
530 1027
681 1016
989 995
143 970
400 1291
1226 1237
176 1109
534 770
677 1078
388 1184
415 922
895 1120
688 1275
1098 1172
877 1119
777 857
74 647
682 924
5 870
205 1137
258 467
238 807
903 1264
522 852
2 392
404 758
629 883
644 1259
3 894
1095 1101
1017 1066
359 473
469 515
670 1126
1250 1290
348 372
1328 1340
776 1099
160 1172
384 599
465 711
1278 1280
568 963
910 1104
678 694
673 759
112 1183
130 525
1348 1351
109 698
551 1276
528 553
1171 1261
1253 1286
827 1242
511 823
563 623
598 882
638 1136
1177 1276
907 1155
538 1221
1189 1232
53 1228
512 537
827 1231
305 380
1147 1308
724 1279
264 1236
835 1268
241 1142
133 1058
92 243
237 1086
80 495
875 1270
959 1200
1204 1252
857 873
941 1209
659 1012
506 582
183 687
610 713
454 1015
776 1217
1064 1239
903 1229
6 895
1201 1225
1047 1346
802 848
131 710
779 1319
66 1318
662 860
1162 1303
232 1143
1125 1277
1030 1338
477 1085
1341 1347
1012 1099
828 1270
1183 1342
710 1008
378 1004
499 907
1210 1320
266 1231
1303 1347
775 1215
1035 1205
435 498
1005 1165
137 474
170 471
542 1349
928 1348
1181 1196
156 823
803 1296
702 1350
95 877
101 677
987 1127
1259 1289
108 1143
1012 1083
59 371
629 822
1327 1342
4 274
200 652
817 1033
916 1323
123 787
200 308
1252 1261
951 1125
187 915
536 707
851 1155
42 297
630 1083
1046 1217
1312 1323
1081 1351
1242 1274
738 862
831 1299
925 1039
678 1076
277 453
356 1260
4 263
1031 1178
1117 1250
996 1330
612 1353
121 1335
904 1278
1210 1269
1316 1347
389 1133
584 1272
425 486
195 615
497 626
781 956
720 1322
479 756
1258 1311
658 919
618 796
212 511
170 1254
212 917
313 841
642 681
219 424
951 1208
99 300
714 1045
185 1118
774 831
323 1210
20 810
319 387
56 511
197 1037
871 1307
1295 1318
729 989
772 782
1243 1267
1038 1067
762 1057
438 863
791 1290
627 1213
1072 1286
425 1237
847 1281
83 960
1197 1335
774 1076
464 889
786 1302
1120 1173
944 1004
858 907
262 1247
157 414
1280 1347
642 762
1330 1342
40 879
286 412
483 1230
864 871
1323 1351
795 1050
80 274
202 400
1200 1263
478 757
1299 1313
1169 1197
653 986
520 1147
946 1339
60 171
610 744
101 517
898 1314
320 920
216 1311
143 1174
701 828
1323 1349
7 872
1012 1152
159 1122
360 887
104 408
720 1144
727 1302
1248 1336
1164 1165
277 629
247 1267
619 1160
1339 1343
1009 1192
208 1195
1153 1180
836 838
907 1085
184 294
820 1263
1009 1179
1295 1339
1286 1306
470 599
1224 1246
807 901
735 753
515 682
684 967
1027 1205
647 1225
1221 1294
737 755
1218 1256
327 860
1260 1310
627 760
757 892
427 1127
262 1163
668 1334
286 423
248 1132
103 439
321 1216
1068 1119
1103 1263
303 405
95 336
1303 1313
894 1322
66 455
596 1256
656 736
1075 1317
1221 1238
1248 1288
983 1163
1245 1256
503 1162
1166 1312
974 1310
1105 1303
192 553
732 1289
86 463
825 1150
1211 1243
66 1036
337 984
694 1097
1191 1304
442 1303
1121 1229
1066 1313
1182 1203
812 946
1321 1351
285 1193
459 1157
759 911
917 1199
49 1215
990 1180
774 889
669 774
959 1292
558 967
739 1257
292 1108
1088 1316
295 721
1139 1146
451 496
415 567
1327 1351
382 976
608 762
1252 1333
146 566
344 418
275 1151
1060 1160
173 497
738 934
25 1331
495 1113
377 583
1018 1245
263 1106
1160 1186
1216 1234
669 1209
506 853
1142 1293
240 1205
1185 1196
359 1164
715 1318
619 637
483 880
1074 1227
1065 1199
1087 1258
985 1346
416 1049
872 1031
1149 1180
380 802
1295 1342
1133 1157
686 1349
118 1032
1150 1275
191 742
808 1349
921 1226
1189 1327
1037 1188
1068 1242
1256 1294
872 1096
133 497
780 784
1163 1280
963 1295
890 1064
233 1094
1244 1287
1262 1283
356 370
931 1134
351 1061
815 828
664 1045
337 710
1121 1150
465 1244
366 1198
168 954
847 912
1199 1211
748 1167
555 1067
634 929
1345 1349
1144 1293
574 945
925 1206
276 1122
1255 1346
466 1061
277 568
650 1189
75 1149
507 1133
17 1225
632 1266
1076 1335
931 1283
480 566
369 898
718 1089
1067 1124
243 1035
819 976
42 1051
398 1353
641 1167
811 1195
769 1196
1234 1252
1011 1034
229 487
392 630
294 1317
610 622
228 334
309 605
1065 1243
1075 1332
262 855
679 983
1164 1342
892 1276
839 1297
275 1306
571 1253
501 1281
973 1098
946 1351
498 1235
732 1324
835 908
326 785
65 205
664 1153
293 585
135 1081
912 1007
820 987
806 927
122 912
1232 1328
815 921
753 767
305 930
147 316
1074 1288
368 1277
276 1262
603 736
859 985
1141 1155
1284 1344
622 716
925 926
697 983
167 1159
1171 1221
798 1031
152 1348
284 645
1237 1326
6 76
227 1001
1084 1103
186 1075
448 686
717 1135
222 421
491 527
878 1345
471 805
1061 1065
457 1091
878 888
1180 1275
196 904
1284 1341
229 297
1057 1188
626 1229
684 1106
1346 1352
807 948
1305 1320
159 1037
225 751
267 1216
1319 1334
574 720
696 1229
15 1277
1221 1329
1008 1258
890 920
774 910
882 1118
436 1171
327 983
69 1143
420 445
1319 1348
259 1025
305 889
199 427
880 1006
756 984
82 294
1293 1334
988 1344
1211 1306
232 575
221 325
1161 1307
361 992
792 1288
403 1216
960 1314
1310 1338
679 1336
777 806
174 250
604 1023
799 1182
144 359
763 1038
390 987
255 1030
755 924
751 1204
141 823
1170 1223
86 946
331 625
1136 1189
844 961
69 128
1230 1313
1312 1347
1029 1229
556 1124
107 1106
30 1044
1119 1241
389 809
711 1332
541 904
1292 1323
882 1307
672 984
902 995
592 724
14 871
682 1026
297 572
991 1306
739 1084
1115 1206
6 966
939 1206
298 711
507 891
620 961
1020 1249
1255 1311
446 1092
690 840
881 1328
689 1297
726 1176
547 1353
1226 1231
1078 1204
571 925
930 1315
1275 1277
937 1211
1348 1353
162 294
486 1002
118 320
207 765
548 793
607 1345
134 1229
757 1030
267 1224
399 1341
1272 1348
1100 1261
324 1318
313 1231
1039 1195
587 737
90 832
332 344
977 1176
1278 1346
592 629
16 350
403 1009
488 722
730 747
1118 1328
1066 1076
1043 1215
162 943
534 727
544 1182
415 538
1277 1322
962 1055
168 722
401 765
199 1305
694 873
261 840
813 1043
244 341
560 1187
85 459
996 1112
41 797
1097 1288
484 1035
861 929
232 363
948 1332
273 497
1154 1220
40 1164
381 674
171 609
1090 1317
1055 1332
1095 1133
1121 1152
1089 1304
1150 1194
38 704
365 1046
1112 1224
223 598
1281 1346
965 978
10 494
314 1235
894 1312
241 704
210 697
973 1343
1023 1146
575 648
507 1302
843 1251
201 1077
447 1214
1283 1351
1262 1288
719 1297
1169 1259
477 1137
1056 1140
1141 1192
429 1246
162 398
1242 1265
24 436
948 1218
1026 1323
1317 1344
294 333
1239 1251
613 1126
701 753
591 1160
1148 1165
195 852
568 1341
8 1309
571 1029
689 1241
305 374
918 1284
228 1026
806 1123
1209 1285
1201 1341
1268 1282
1091 1254
75 1065
731 1019
824 1240
73 1112
1236 1260
1052 1298
398 797
1 1093
539 735
1033 1125
894 1231
222 1276
551 1060
1014 1091
902 1052
756 811
556 1279
634 909
1107 1162
40 643
729 893
977 1167
144 484
1278 1350
558 1080
957 1232
1224 1348
954 1236
1153 1225
1290 1297
152 359
42 943
548 775
321 1343
1051 1053
1347 1353
763 880
1235 1278
127 974
835 867
309 529
670 1060
499 663
1136 1293
378 899
319 1269
189 890
37 1025
1245 1274
837 1005
995 1300
38 576
967 1036
1153 1222
505 1043
731 969
536 1098
187 1306
1023 1139
178 693
738 1317
85 991
1295 1349
998 1296
1257 1309
621 802
247 876
1078 1260
1278 1353
622 1350
1236 1308
1083 1215
1011 1099
196 547
101 242
776 801
788 1257
888 1063
1145 1222
471 706
832 1287
268 592
1264 1301
527 1243
1253 1281
800 1262
254 1209
845 1192
1053 1100
607 1178
359 1353
628 883
615 867
157 1102
547 636
318 980
1345 1347
1320 1344
1100 1133
367 1235
385 425
718 938
827 1009
161 575
37 922
1260 1347
236 1040
430 714
74 140
1202 1217
539 1264
561 700
542 800
99 128
118 720
954 1158
718 911
644 869
70 742
594 968
374 880
281 931
1278 1332
1293 1322
926 1077
484 1102
315 1281
1233 1328
1041 1189
1236 1345
208 301
444 454
455 1274
172 1071
140 908
1258 1310
1005 1242
1346 1350
1141 1201
482 877
405 438
915 916
368 1035
691 894
115 953
816 1146
202 1152
1105 1187
1145 1213
81 406
649 839
778 1044
386 987
1328 1337
223 1267
495 1324
1154 1304
432 1054
1120 1245
146 725
343 1157
402 910
1126 1177
712 748
1263 1295
1322 1353
161 257
1109 1302
638 794
702 705
276 1256
1187 1325
793 1160
232 586
302 559
1217 1229
56 931
113 575
772 1152
448 731
1318 1343
16 1193
102 379
17 613
603 687
1227 1259
1220 1320
794 1301
330 924
1279 1296
726 1154
1185 1241
8 421
870 919
664 936
1334 1342
285 1346
411 723
217 1090
61 402
852 876
58 1252
883 959
380 906
561 568
391 692
867 1297
689 1092
1162 1206
685 1068
709 1065
341 473
729 1048
506 686
711 943
851 1323
1221 1281
110 276
901 938
674 1029
974 1296
39 368
1349 1351
1142 1161
1213 1299
986 1202
177 1270
400 924
508 544
659 945
1327 1333
1135 1318
378 1210
594 1299
705 1146
459 1174
509 746
514 1276
547 1341
84 852
304 326
724 969
976 1097
836 847
642 805
151 198
353 539
1244 1268
369 624
615 737
612 1014
799 1294
425 1199
1129 1164
1005 1029
763 1227
198 1326
1093 1218
529 1022
541 1142
16 371
1231 1239
47 860
299 324
55 323
485 684
1322 1352
803 855
785 1114
220 530
435 596
498 770
289 1320
561 885
208 1184
345 539
1296 1306
7 794
1244 1246
237 736
152 491
592 1350
1169 1202
942 1269
1222 1282
224 293
1339 1342
176 1351
1001 1300
1328 1341
904 1212
1298 1336
601 835
95 922
122 925
622 917
426 666
295 795
838 1071
558 881
622 1263
262 993
597 841
312 772
759 1241
38 420
1320 1332
493 870
209 1176
1033 1320
925 977
652 1144
939 1134
1028 1336
179 881
908 1175
243 778
528 921
150 471
282 968
728 766
666 1342
902 953
317 945
771 939
804 919
923 1065
370 855
1135 1262
679 1058
1002 1217
101 994
293 1313
163 998
928 1024
418 849
956 1071
624 1288
702 1313
949 1110
1230 1259
17 1060
572 829
408 560
325 395
1186 1352
715 894
960 1103
2 584
470 1198
1340 1344
257 285
371 898
500 895
1047 1146
1087 1149
730 751
401 530
1186 1229
1065 1227
348 465
797 1029
1064 1289
1044 1049
699 1081
259 487
459 717
255 1143
733 999
536 812
809 1150
276 965
318 970
431 1340
582 1305
1088 1177
640 703
493 947
1277 1325
1310 1345
536 650
1210 1319
788 829
135 896
1063 1145
1350 1353
719 1117
1025 1255
742 1322
173 949
774 805
602 948
696 1275
960 1158
1324 1329
728 1193
871 937
736 990
702 1310
53 880
1283 1323
585 1015
691 748
331 443
275 604
670 1014
159 996
439 1035
166 182
1137 1156
420 877
371 1253
564 809
682 1346
45 554
1216 1248
387 1130
858 874
899 1204
692 828
327 978
564 1013
1317 1339
1348 1350
514 669
673 980
38 469
1169 1256
1004 1171
255 1266
325 828
535 762
308 1208
1151 1285
295 578
748 1000
143 626
1008 1145
594 1255
934 1147
692 1345
576 913
795 816
1227 1275
639 1141
1256 1259
355 432
63 380
253 927
1122 1336
862 1300
802 945
294 841
122 169
1340 1345
315 1134
349 1099
263 432
1054 1203
665 1290
93 1066
1307 1319
267 809
1292 1310
911 1248
828 1141
1076 1236
400 593
11 451
311 646
817 1148
888 1185
1276 1294
363 797
43 1162
264 316
736 875
832 1065
662 1240
254 775
640 841
234 843
355 867
1258 1268
817 974
950 999
86 149
234 887
680 723
730 859
751 1344
382 572
960 1331
1251 1276
1225 1327
950 1001
44 390
464 556
253 662
234 460
747 807
407 571
450 868
276 715
105 642
243 1328
677 984
938 1272
1263 1294
87 766
6 1342
600 1300
1214 1273
1168 1213
1019 1251
570 1331
105 779
32 1173
1153 1206
1288 1309
64 998
104 807
261 708
831 857
258 785
1300 1344
709 719
462 1030
462 666
1310 1311
679 1152
352 632
497 583
341 1196
1181 1338
970 986
1213 1245
689 1136
280 1193
657 830
176 673
428 1274
1101 1350
851 983
953 984
507 879
88 1287
713 1305
879 1079
150 1001
490 995
1029 1270
281 465
1014 1241
444 570
1326 1331
891 953
1178 1285
200 555
66 1014
887 921
125 591
262 1030
670 1120
348 455
1027 1049
741 818
838 1340
82 544
1022 1039
223 511
1274 1345
357 537
871 969
963 1140
128 1156
380 500
735 1198
803 1303
723 1237
968 1253
864 1317
413 986
1168 1219
78 1138
914 1278
622 672
393 839
518 1033
699 705
1044 1117
84 199
1266 1335
502 1011
654 1059
14 89
1129 1186
487 885
1110 1298
57 1177
464 573
831 1047
554 568
1256 1347
1221 1250
858 973
133 381
145 1159
1251 1345
80 204
681 1337
810 1058
369 1247
1126 1156
980 1224
745 1338
321 323
82 1078
1199 1251
1067 1152
939 1334
224 418
224 1313
36 1213
1144 1268
860 893
600 1069
1128 1335
286 1306
715 866
448 897
31 770
57 807
360 487
189 332
143 319
1182 1335
1 226
228 374
178 504
109 425
379 502
1205 1262
799 1103
803 1116
385 938
720 1116
1226 1328
1103 1334
1197 1244
620 978
74 1128
1237 1238
1290 1350
203 681
477 1095
114 406
346 1008
77 980
1170 1186
949 1233
1226 1270
413 460
803 1097
627 732
1121 1264
744 883
221 950
806 1169
1143 1341
73 1346
513 803
1264 1322
638 675
788 1077
627 1144
694 900
587 1313
503 1271
185 986
577 850
332 552
1151 1241
826 1157
787 842
824 1286
647 1184
645 817
294 998
422 1307
190 244
975 1002
875 973
201 1351
1223 1353
77 624
90 954
820 1183
446 1163
61 219
1195 1252
491 1288
441 624
575 930
1018 1155
1304 1330
1159 1319
807 896
462 1122
404 498
231 357
772 1183
263 317
807 876
164 782
615 818
307 947
341 986
888 1123
360 666
195 1004
324 1043
1235 1341
338 820
525 846
850 1327
723 1243
988 1014
1177 1320
954 960
1004 1118
762 898
431 921
710 745
1280 1335
454 1102
1153 1272
1121 1296
436 1139
1273 1307
1247 1272
562 1107
896 1024
412 842
159 1245
597 1250
801 1033
890 917
922 1332
238 948
548 1298
1314 1332
222 1164
900 924
684 901
873 901
298 455
1150 1154
462 1028
475 871
33 1298
654 1143
544 1223
719 803
798 1108
460 672
295 673
651 842
816 1347
374 1314
1243 1284
906 1225
244 796
362 1027
215 301
995 1202
708 1127
850 958
295 829
249 348
1142 1143
148 1028
1332 1349
664 1049
275 1178
1067 1326
250 816
317 429
587 718
160 973
275 418
28 439
795 1155
259 620
535 1050
1082 1205
628 955
706 1287
1055 1127
871 943
865 1351
898 1071
827 828
30 683
14 633
808 1084
354 700
584 919
716 1095
111 472
230 877
850 1309
501 1225
704 869
1307 1345
29 1351
1172 1281
377 1063
514 1175
1177 1179
876 1320
822 920
156 203
321 594
67 1302
485 959
403 668
1000 1227
125 473
1048 1260
579 666
691 1020
325 740
317 915
84 274
168 1218
1024 1095
1344 1352
1211 1305
1310 1322
1331 1346
364 1180
992 1008
957 985
80 593
1094 1186
976 1249
349 819
375 964
452 809
598 618
326 591
200 217
667 827
518 1092
213 416
298 1154
963 1174
684 844
1080 1324
821 856
606 1012
563 1046
154 1300
243 544
659 942
584 603
3 124
821 928
842 941
75 397
461 1275
1175 1224
130 963
1323 1342
633 1169
739 943
774 847
854 1235
897 1063
849 1205
12 547
807 1106
1286 1310
1209 1275
396 910
1272 1331
385 1047
185 817
1138 1334
344 460
645 1145
1047 1351
80 1334
970 1163
524 775
646 897
201 509
438 1079
850 992
524 850
1290 1323
1022 1080
864 1257
675 737
7 439
45 1112
711 1073
327 967
236 494
1336 1340
899 946
67 240
687 902
542 1037
645 1103
1085 1279
75 630
191 382
847 1265
328 1287
1024 1218
569 1098
563 938
568 1314
725 907
850 1242
1163 1241
929 1019
1169 1348
625 738
409 460
1315 1327
38 508
491 1335
29 1243
575 759
206 1241
493 1262
453 809
1224 1324
463 1012
405 1119
1098 1131
1149 1252
985 1173
230 1006
311 359
908 1092
489 704
34 473
670 908
215 950
1159 1339
23 367
517 916
258 368
320 982
1122 1164
865 1263
882 1102
542 946
941 1041
1180 1329
788 990
1249 1351
147 411
388 900
434 874
453 754
780 870
347 590
1157 1348
191 504
629 1308
181 665
982 1071
709 1067
948 1072
209 935
550 1251
95 817
696 1279
1290 1311
628 960
124 212
184 1068
1109 1256
417 932
521 642
685 935
838 941
150 280
369 741
1021 1038
855 1134
334 726
1004 1348
765 856
968 1272
1259 1296
998 1241
147 167
1050 1053
144 321
923 1068
434 1148
812 1095
91 896
342 509
545 632
839 1233
836 885
891 1145
194 882
1256 1272
4 1318
167 1276
188 780
1278 1286
176 1144
819 1119
1201 1209
458 886
1293 1313
1143 1326
1314 1334
406 711
824 1182
731 769
29 571
200 810
586 1319
898 1080
1155 1250
409 764
826 1146
439 597
16 619
721 792

71


