8506 6236
8036 8294
1391 4734
2410 5590
2606 8501
6170 6616
8114 8277
1401 7940
4418 4853
2560 5337
7579 7921
8209 8380
4160 5707
3953 5200
6005 8463
230 6995
5511 7789
4680 5210
7465 7695
8296 8306
3407 3841
694 5433
2656 3376
1513 3355
6271 7725
7101 8082
5140 5976
6036 7821
2364 3438
5895 7282
6971 7705
933 4757
2562 3454
4662 8176
5593 6384
496 5653
3018 6504
4444 4664
7093 7374
2614 6121
7341 8118
1466 8214
1084 2444
1504 5319
4021 4222
7204 8015
4579 6374
8362 8412
2553 3321
7247 7613
4455 6759
4748 5433
2971 7783
2965 3254
4180 6194
1842 7584
3561 6107
5177 7950
6233 8057
341 370
7425 7567
6735 8078
8144 8183
2630 4986
800 2981
7398 8235
5528 6607
117 6648
5322 7359
5737 6747
3081 6721
4366 4411
1984 6285
6605 6956
54 5119
4599 5966
6220 8078
3394 5151
4820 7677
1100 6842
3287 3744
8419 8489
1892 2077
3591 5475
688 1571
6907 8360
1818 5023
2809 7210
1689 5728
6251 6825
2513 6105
5874 6538
5663 7270
2937 3076
7723 8215
6477 7805
6699 8183
8105 8354
1791 6022
7568 7891
1260 3599
621 4852
2272 7140
4152 6742
8083 8355
5120 5936
4487 8312
223 1709
6649 7699
5137 7069
4735 7452
3830 4509
2750 6094
5360 5794
8002 8436
1299 8281
6180 6918
436 1810
6382 6756
6351 8203
3725 8309
7704 8363
3240 8491
898 3699
5907 7481
6331 6363
1418 3000
5530 7987
1855 7854
2466 3701
4901 7264
7423 7685
3806 7882
6653 6818
6132 7442
4890 7516
164 6497
1431 3641
2829 3194
2672 5607
4370 7053
6422 7678
1564 8331
1415 4647
27 3568
7271 7532
6823 7525
5616 7534
827 4012
4321 4616
7553 8263
5145 8112
7702 7992
916 4022
3072 6814
624 2699
8101 8223
4175 8331
1980 5910
3142 7499
5340 5713
4601 7320
4058 6178
6522 7931
8437 8462
6774 6879
121 4113
3773 7313
7534 8455
8052 8196
6434 7361
5393 7637
3529 4798
491 6935
7770 8359
3963 7291
7788 8316
5718 6768
327 2674
3941 7772
3857 7655
4114 6474
3354 7632
1414 3677
4071 6100
8401 8407
807 7226
8020 8289
7991 8022
4707 8482
4264 5690
3036 7866
68 1717
2003 7874
6450 8462
417 2713
175 947
6778 7710
2024 4960
6362 8453
6397 6704
7828 8090
2945 7020
2905 7223
5466 8291
5106 7928
2084 4944
6327 7859
2147 2828
6112 6454
6723 7689
2282 7564
7635 7926
6987 7676
5324 5992
2449 3054
7773 8261
683 1650
3494 4957
7403 7506
7373 7402
7377 7593
6910 7090
3316 8136
6908 7428
549 4455
4306 6902
5018 6299
2714 4344
5058 6978
4340 4969
78 6178
7729 8244
4350 5883
5360 8242
5224 5615
3654 7470
5697 7884
873 7025
6896 7785
7076 7940
7537 8175
1848 5110
6093 6989
2185 3525
611 4698
487 2845
88 1157
6875 7193
5558 7243
5437 5628
2650 6198
1786 7155
567 6572
826 4978
3567 5177
2744 6702
6067 8060
6310 6481
3045 6568
7020 7214
2679 3243
4186 4845
22 1215
1148 3677
2269 3923
5367 6247
8157 8480
3354 6619
7292 8298
3230 7991
7654 8456
7425 8227
2371 4347
2021 8232
3938 4853
1900 3062
5649 7141
7232 8270
3305 7634
8371 8494
610 3481
630 1523
652 2220
423 2633
6668 6750
6534 8455
7350 8301
3156 5284
5047 5154
636 2110
873 1425
7583 8500
631 7861
2775 7984
7990 8197
7608 7716
210 4768
2733 8227
6907 8387
7087 7690
7119 8280
4475 7184
3096 8362
3281 4589
1491 4497
947 6621
7793 8128
2929 5787
6156 7724
6263 7763
8 1702
618 6005
6679 8315
1003 7644
6794 7823
391 5111
3599 7159
7922 8430
5773 7772
7184 8445
4930 4939
2354 3265
119 7375
5137 7579
5962 6863
7853 8320
4884 5385
5137 7791
6823 8095
1096 8453
5093 7731
1329 4158
4238 4422
4846 5324
5307 6124
5898 8078
3318 6507
1305 5597
3226 6457
1089 6239
2695 8177
2077 5715
3303 5535
6193 6493
6957 7178
1256 5545
1331 4355
2160 5405
778 1034
2649 8489
1983 3304
3890 7376
5509 5530
3627 4464
316 1481
6573 7534
7173 7434
5449 6671
7899 8505
8425 8448
2698 6659
630 2048
5380 5493
2387 3492
6917 7755
5460 7705
4531 4849
5541 5631
1763 4924
6332 7810
3701 8341
6141 6298
2256 2317
5201 5739
2696 4589
7023 7157
5068 8499
2813 4802
6164 7971
6138 7993
5210 7906
7910 8034
5834 5924
7916 7935
602 4378
3847 8068
5314 7645
1670 2912
8012 8189
3954 8121
4030 7676
3154 3776
4022 5964
6065 7179
6558 7162
3233 4281
4016 7446
7708 8499
4584 6259
7157 7207
4824 7598
7633 7654
8038 8138
4067 4380
5363 8120
2597 5834
1053 7640
5393 8076
1199 4284
7700 8007
5699 7302
458 6882
2188 8103
5025 7450
4175 7725
6396 8108
2116 4953
4052 5267
2646 3128
4002 6224
7414 8424
6650 7208
1690 3624
6460 6694
3595 5411
325 8124
6629 7228
1171 8482
6747 6782
8382 8471
6073 6132
6574 7976
8261 8476
4565 5982
2574 3735
1482 6812
1683 2091
1951 3417
7143 8357
4077 7562
88 2953
7058 8286
6995 7721
8026 8197
6176 7657
2026 4304
3431 8136
1072 4772
2877 7029
1420 5602
3008 5770
3978 4953
291 1210
4793 6058
2933 6924
4119 7708
3021 8124
4786 6929
5871 7454
5626 5825
7568 7585
3144 6683
4365 5900
4240 7642
8177 8411
8134 8356
2109 4504
535 2610
4440 7193
7809 8424
6755 7354
4974 7720
5372 7650
5968 8003
8066 8303
3541 8180
1953 6019
2094 3264
595 1286
7272 7827
4096 7662
4445 6441
7394 8484
2454 4710
8195 8262
7004 7577
5111 6435
4296 5865
4332 7402
6802 7366
4062 5920
6576 7483
6466 7060
1404 5528
8157 8250
1104 3557
1175 4505
5229 6667
478 700
676 1598
7363 7549
5466 6212
5487 6948
5683 5879
2340 4677
814 5342
1468 8286
4160 6697
7480 7772
6209 6422
104 6390
836 851
448 4749
2790 5720
3867 6979
8087 8409
4177 5024
2866 8180
5448 5678
2230 4631
1278 4144
8259 8302
7284 8322
2782 3376
5624 6333
3958 6071
4434 8063
923 4658
403 8316
6722 8505
4506 5977
168 1615
2615 7471
5538 7269
5937 6215
2344 7602
6561 7107
6798 8176
2394 3881
6854 8506
7177 7397
4871 5935
3053 7180
8133 8363
5375 6688
3346 6925
7112 7485
5050 6325
1396 4004
2653 6614
2688 3248
4015 6873
4998 6290
6578 8449
1234 2737
3048 5198
3012 7022
7033 7375
3941 6640
4732 8450
8001 8408
3830 8298
2669 3765
3065 4153
5988 7684
3476 7319
4836 4911
6312 7092
5523 5899
4203 6556
132 2449
1254 2863
3180 3196
5789 8244
4049 4936
1864 4642
1085 2145
7042 8254
3029 5076
7547 7710
2604 4274
5007 8169
2593 5789
4378 6958
3361 8131
4381 7724
4841 5637
4624 8449
7660 8132
2502 4999
7627 8191
5590 7396
1034 4179
2579 7909
5868 6030
1315 5209
2425 8099
2846 6559
2263 6313
5727 7341
7013 7554
256 6395
1971 2824
3723 5514
2489 6460
6294 7185
7112 8338
1665 2551
1061 3080
6379 8320
4069 4162
85 6410
1439 3921
8167 8376
8092 8483
6302 8158
3425 8369
7387 7586
7314 8323
1897 3062
6067 6676
245 8085
8419 8436
3299 5948
2630 6875
4296 6460
3408 4704
5051 5136
1528 6224
5576 8215
6759 7689
4123 4598
5423 7596
7317 8407
5091 5813
270 6659
3316 4959
2226 4908
1846 6763
982 8278
1171 6549
7646 8280
8373 8435
2353 3718
5798 6045
2095 6297
7583 7792
1835 4817
7162 7993
673 6531
6212 8115
6788 8452
2159 4346
7567 8226
8361 8442
6295 8365
6750 6894
2946 4854
3922 7886
1456 5515
8503 8504
5358 8159
5936 7283
5909 6191
5943 8230
2576 8263
2687 7563
6033 6480
127 945
2147 4432
5536 5603
2608 4925
3603 4485
925 1718
4407 6034
4792 4811
4685 7902
7643 7872
8475 8505
7534 7537
7504 8186
8494 8505
6068 8186
7192 7428
5817 7659
4278 7964
4193 5250
7689 8173
6201 6529
7798 8090
1673 7685
5621 7143
2691 5445
2488 8129
1976 3530
3629 4434
6904 7475
2521 8018
5043 6968
6651 7704
384 7579
6167 6384
4501 7963
3908 5779
2515 8493
3538 5734
6849 8002
4001 7257
3731 4683
3016 4921
5051 5982
5236 7726
5963 6952
3370 5776
2439 7188
7529 7549
6030 7831
1713 7872
2784 8147
6258 8407
1206 5937
6721 6971
5387 6577
7432 7619
2969 7882
3924 5433
1942 7169
5504 6646
7682 8381
416 4420
154 7436
6456 7969
8031 8334
5220 6199
3150 6686
7994 8403
5322 8353
8030 8247
5249 5924
3848 5980
5498 7248
6378 6640
5029 6672
2119 4157
7249 8476
1466 7592
7826 8431
941 4842
8211 8228
1664 2462
4534 6292
4089 7384
3034 4383
4615 7947
249 8343
7706 8106
4364 5817
4679 5349
3322 3897
4872 5011
4414 4610
7676 8425
7668 7884
2696 8397
2427 5268
7804 7999
4010 6037
2972 4882
1068 8048
5356 7271
7542 7887
1543 5912
8491 8505
4355 7080
2878 8150
756 4458
5618 7895
2331 7739
6557 8121
3709 8163
1605 6831
225 6002
6024 6922
1282 3781
3918 6758
3149 4924
3089 4550
7876 7906
2372 2739
8087 8186
4391 7958
4651 5492
907 5041
2586 5166
3144 5522
1652 7305
116 6817
4419 7151
1424 7448
6924 8026
7214 7261
493 672
2250 8476
4413 5981
2026 6179
7945 8186
2269 8150
3631 3812
7729 8430
724 3560
7199 7211
4874 5531
4724 7125
2991 3919
2401 6143
1488 7079
8407 8503
1604 3067
7331 8440
4785 8482
1 5911
5241 6092
4441 8290
7225 7542
3182 4544
6237 7963
64 3829
2463 2528
1738 3745
4454 4806
7529 8242
1028 2270
8245 8448
2631 5524
6188 7895
2944 7703
4648 4671
8011 8187
3869 6109
3132 7446
3453 4193
3755 7368
3705 5570
2056 8411
4095 7818
972 4026
8429 8462
6238 7597
2575 4881
3631 5302
8012 8119
6582 7254
1947 5255
5322 7255
1717 6478
7508 7584
1652 2915
2587 8469
1976 5653
7694 8396
2562 5597
7718 7845
1685 3492
1868 5374
949 2055
405 3604
520 3452
1353 4883
4846 7176
8131 8190
3546 7999
5674 5910
7514 7747
7296 8251
6468 7469
7389 8129
7326 8044
5585 6376
2132 5102
4875 6642
4716 5347
7215 7233
865 3613
3273 3467
4276 7218
2760 4065
3852 5460
8345 8353
7213 7796
4334 5885
7336 7978
1747 3143
6657 8422
8373 8422
203 3399
2372 8158
3329 8411
902 6786
8232 8260
5775 7316
527 930
4625 5241
3415 7203
3381 4806
5184 7118
3992 8085
167 5784
2442 7976
2278 3024
2269 2297
6272 6600
7660 8326
7299 8195
7744 8415
8081 8414
6762 8246
1468 7466
1737 6870
3338 5988
3315 5869
8034 8506
2618 2995
4599 8427
8432 8490
730 5690
2406 2699
3900 4380
451 8495
8013 8325
4668 6961
2149 4958
172 5391
6989 8313
5465 8342
5536 7719
588 7649
5866 7184
2044 3192
1270 7364
527 2766
1637 7704
5715 6709
7388 7422
3544 4555
2004 4035
7304 8152
5823 6587
865 1746
1317 6498
992 8209
2167 4239
5075 6633
2376 5437
3949 5598
1790 2019
5390 6952
1672 3000
5613 5726
6559 7535
5866 7335
140 3835
3951 6748
2458 7447
4342 6599
4047 5841
1105 5017
7686 7974
5458 6825
5084 7103
664 4996
7199 7922
3888 5533
5813 6773
2154 2255
6276 8101
5781 6576
4610 6504
3571 6203
2360 4953
8033 8417
5703 7339
1761 6563
784 1286
1673 4180
5267 6828
3666 4116
7453 8158
8501 8504
6394 7191
6312 8132
5589 7813
135 450
4290 4430
1708 5691
3209 6680
421 2548
7020 7364
482 1268
4203 5843
4102 7770
1624 2377
5492 6683
2824 8122
4324 8387
2155 3013
4475 4551
2984 4212
6743 7856
3161 3218
7950 8192
7899 8057
4489 5313
836 1412
3920 6788
4280 5374
7258 7931
6900 8430
3976 5914
2114 3938
3198 7752
6391 7244
5739 7747
8208 8417
7357 7890
1450 6447
1165 4089
3914 8356
5212 6478
3015 4371
3651 6965
1579 2839
2069 4061
7065 7500
5832 5869
2245 4503
6322 7793
1882 4124
2175 8356
5158 6171
3061 7258
5855 7202
621 8052
3307 6052
4459 7228
8294 8432
5598 8265
3276 8074
7962 8489
2517 3729
3357 5020
3630 8173
2096 2881
289 553
5525 6152
4336 6950
4034 7991
3373 8388
6778 7542
3081 3101
3589 7920
7616 8130
7582 7947
7613 8506
2838 3724
3385 6878
4510 6302
6867 8364
1740 3611
5199 7573
210 2357
7571 8152
3082 7123
7697 8049
7141 7546
921 2858
3478 4110
3688 5436
4250 5812
5157 6715
952 2046
7297 8330
5723 7039
852 7265
3000 4279
3855 5855
3449 4935
2789 8033
5426 7538
1075 6931
5178 7225
3473 5337
6018 6137
2107 5471
1244 7121
3863 7955
2615 7669
4760 4904
2013 2120
5855 6489
6894 7409
1508 5739
3231 5477
6541 7423
1363 3172
2400 4725
6407 8114
2310 6446
4018 7391
6896 6939
311 637
6952 7383
1628 8003
5379 8080
2094 2424
664 2878
4507 6255
8388 8447
6442 8091
8296 8413
5244 5985
1996 7358
5436 7635
1732 5613
1889 2923
4239 6081
4103 8332
6106 7396
1888 2019
4061 4361
3073 6514
5539 6564
4414 5018
8286 8341
7705 8119
6163 7252
329 1617
5851 7481
8347 8422
3587 3722
6952 7842
6208 6374
1278 3049
358 1175
2525 6755
6381 8175
1465 8260
5252 7083
3223 4267
6334 7661
6293 6455
815 6258
2239 6621
6960 7262
6909 8247
7855 8055
5643 8210
1240 4484
7266 8457
2797 7907
7930 8465
5537 5735
147 2703
5585 8066
2120 8367
8101 8411
4715 5964
67 2296
2281 3456
1500 6894
4487 5990
5814 6568
6530 7146
2033 2923
8322 8467
6449 6771
6983 7776
4052 5632
7825 8144
5572 8028
5140 7508
6024 6796
4421 7015
3754 7837
6658 7845
18 7125
1341 2585
8416 8496
675 4809
2489 6081
2654 8300
7344 7565
7229 7969
306 1750
6559 6735
7321 7907
3194 3540
7185 7212
4533 4756
551 1014
6880 8066
6807 7349
2149 3196
5578 8285
2934 3487
1937 3400
91 399
3183 3796
6461 8093
6397 7283
8082 8276
7309 8314
336 8251
2723 7644
3233 7235
1200 6960
6918 7928
7701 7971
3178 6922
7244 7506
4889 5462
5721 6401
8077 8252
8298 8425
5219 6601
3998 6860
3551 6930
5722 6091
4551 7622
5068 6374
7614 7961
3502 6043
3172 4529
3868 6332
4128 5237
163 3486
811 1853
5615 6834
2369 5254
405 7917
2254 5866
3690 6366
7094 7180
407 4871
3506 7682
8108 8195
7727 8250
7872 8284
1307 6737
2136 2603
8461 8471
3401 6916
5449 8037
532 4028
6819 7338
6029 8266
2594 4416
6724 8268
5795 7454
1457 4584
5452 8091
7725 8244
389 3588
7807 8253
6265 7315
1216 1734
8402 8407
3892 4336
7117 7520
6602 7513
1739 1968
1336 5428
4786 6634
7398 7653
2999 8091
4607 4920
4387 7024
733 3686
2055 7787
2397 7932
7745 8123
2183 7721
1358 7863
5961 6462
3510 3746
983 8075
3751 6906
7389 8026
8412 8414
3871 8073
2021 8112
7263 8074
1870 4930
709 4789
6048 7763
387 6374
6455 7833
2314 6566
7411 8253
3240 7964
2584 6929
6233 7075
2750 8418
2598 5733
5379 7737
3603 5468
438 3184
2887 4158
7203 7762
7451 8377
1532 8216
6944 7858
2613 3980
7020 8227
3536 5246
4708 8395
2797 7507
4523 6456
5052 5250
7839 8061
8014 8138
2521 5561
6038 7081
5396 8140
1567 4876
3859 5902
5237 6780
6479 7674
3968 7160
8365 8473
3813 8060
3305 6227
409 6843
3264 4287
4520 4628
1611 4854
8192 8403
8145 8276
3503 8122
3430 7360
1449 5730
1956 8025
5249 5549
8164 8337
4336 7740
6255 6449
1032 5637
6330 7220
7393 7582
7570 8240
276 6131
5906 7130
6812 8251
4721 5517
4135 4805
5749 8393
4339 5792
5685 5999
1849 4154
7773 7820
7406 8372
6135 7772
7925 8019
5556 6156
4719 8142
1568 3638
1184 5540
5874 6561
2611 7427
159 8219
6218 6949
395 1949
6736 7489
6930 7855
6723 7381
1438 2994
8078 8497
6234 8164
7091 7688
7783 8245
4076 5258
5549 6626
7963 8011
2416 6176
4431 7760
7882 8182
7923 8171
4315 8372
2101 7321
5023 5923
1957 2840
1626 8090
7075 7928
3984 5117
3601 7663
6755 8194
127 3815
8039 8121
3753 5094
868 6273
657 2466
7378 7655
901 6167
4092 5763
4706 8479
7478 8375
1197 2728
3876 5841
4236 7030
1821 5217
6973 8436
1905 7214
1596 3103
7953 8417
7632 7643
6348 6581
7889 8028
2022 2782
3067 3894
2609 6878
684 4048
6690 7694
1202 8292
360 7941
4701 5027
5214 5323
1480 7965
6064 7024
648 7461
5523 6802
3774 6185
2326 6134
7194 7562
1971 5684
2924 6724
3347 6417
8222 8476
4112 7534
8189 8221
5442 6007
6307 8170
8319 8487
8399 8505
6923 8263
6830 8228
5212 6179
636 1993
718 1665
7651 7712
854 8111
4043 6227
3078 4217
1697 6583
319 4946
3682 7514
7681 8417
632 5308
3561 4600
3250 7696
2225 2451
5149 5414
4195 5654
4728 5549
5590 8200
547 827
2730 2925
1105 8498
6645 8235
403 5523
7586 7962
6527 6697
7347 7711
4893 6718
4265 8353
6822 7744
1807 5174
935 7152
8012 8266
2134 5348
7999 8227
6958 8428
3541 6362
3947 7779
3786 6928
6143 7231
5122 7163
2282 7632
1002 3180
117 5944
6211 8404
1249 4960
2799 5010
239 5265
4985 7147
5858 8387
2897 8320
6453 6643
5362 7055
2601 4518
6503 8285
4682 6665
7129 8115
5754 8001
3336 7494
1263 3823
8385 8415
6802 8463
6834 8467
3447 7807
5403 7426
6759 8289
7575 7602
3283 8256
4762 8378
5936 6429
5931 7488
3198 7039
6785 8071
5803 7010
3496 5331
8357 8371
3981 5379
167 2481
2516 5351
5065 7060
4248 6948
3027 4343
2809 8007
7431 8056
7574 8296
1366 6570
4811 5276
8018 8030
5560 5998
5374 7713
7902 8475
6026 7359
2236 7879
4144 7111
847 2837
587 2165
1589 4307
1816 2362
1835 2849
6279 7399
304 3773
2726 5776
1869 6256
7156 7255
188 5646
2746 3368
6808 7598
8257 8398
2245 2490
3576 5316
6073 7586
7881 8276
2899 4696
986 5605
2623 7049
6303 8485
1601 6315
5747 5885
1183 5373
5200 7820
6250 7791
8259 8366
3801 4451
7265 8332
3124 8311
5551 7767
5609 7493
567 3655
546 4794
1258 1496
3876 7205
7797 7909
3211 6631
6738 7742
5679 7068
5027 7297
804 3866
8392 8456
8059 8349
8260 8285
331 4171
2295 6503
7692 7853
3605 8305
6238 7886
5689 7410
7200 7770
634 8490
5708 8304
7441 8256
6152 8250
4599 6497
914 3970
3681 7263
5729 6709
658 5519
1293 5567
4408 6193
2877 3749
6496 7014
460 2763
1591 4244
6080 6095
7700 8015
31 1147
6497 7051
4998 8336
2533 6221
4103 7681
4006 8440
8092 8462
1518 7535
5519 7746
3782 5253
1755 2728
1728 4152
7643 7777
4700 7727
7950 8305
8403 8475
4544 8283
100 3582
6438 8138
5709 7982
1124 4699
1995 4990
5740 5969
1451 4240
579 1600
4435 5464
2948 7531
2507 3654
7699 8144
7869 7880
7929 7982
6804 7601
7047 8334
4894 6003
7087 7827
3980 7011
8425 8442
8277 8303
3484 4770
92 7790
5737 7850
4089 5569
8466 8474
5091 7965
7187 7373
6704 7187
6899 7383
7928 8127
2664 4184
8203 8364
1285 6110
208 7074
6133 8098
6273 7169
1639 4032
7898 8457
263 8111
8140 8474
8098 8482
100 1712
1266 1777
7225 7501
144 4473
2251 2924
1003 7209
5020 5690
748 3908
3526 7911
7496 7756
5016 6693
4572 5469
3398 8319
7196 8337
1832 5126
986 6447
7338 7710
2940 5137
5456 6733
4092 4178
8102 8186
819 4971
5358 6079
873 6651
7312 7465
733 1710
1617 3797
1631 6740
3814 8241
156 5710
2607 2615
5791 8400
7526 8288
7724 7813
5728 8015
4043 4272
2788 7307
1156 1278
194 1308
1300 8492
3170 4963
1463 3412
2454 5998
948 4929
1110 8023
1315 2544
743 1166
7880 8308
5978 6219
2331 7930
5656 7094
3280 8216
8105 8370
8438 8470
7829 8081
5394 8209
7452 8024
2104 4250
6459 6880
6760 7647
2095 6111
6460 7422
8082 8145
8090 8359
4179 6331
7463 8419
3531 5381
370 6052
5906 6846
967 3435
446 7336
4121 5808
1774 4453
3411 6378
7882 8339
6418 7781
3632 4105
5130 5693
3379 6242
2796 7592
2658 3500
2910 5829
6680 6934
6388 6575
3569 5090
1487 4746
7299 7391
5194 6561
3941 4523
2693 6178
2408 4127
6496 7614
5843 6830
2323 8203
613 2282
8327 8369
4595 6585
644 1959
908 4590
6032 6404
1114 2846
6590 6649
1333 3342
2843 6586
8388 8489
1376 4978
871 2104
529 1818
826 8164
3850 8268
2013 5910
8144 8333
2793 4816
7446 8061
5094 8063
7711 7980
1624 5063
881 2429
8461 8466
656 1217
3298 3506
5873 5942
4178 5177
3253 5821
4233 7669
2201 8395
5795 8351
117 2690
5770 7817
5282 7322
3706 5804
5815 7403
393 8353
2718 3593
3453 5196
3390 5896
4855 7870
4993 7948
4696 6333
4349 8041
6912 8087
2850 5782
5558 5943
7195 8077
3085 5404
8023 8297
3017 5968
3514 6898
5509 7113
6600 6721
2260 5451
8280 8354
4450 5205
2199 8088
1533 3168
97 3215
4039 7392
2689 3538
3576 5414
3741 7545
3453 6693
3093 4340
2402 7244
6813 7315
3814 3994
3086 5571
2090 3181
4001 6673
4069 5080
7960 8323
2149 7897
1109 8192
5969 7244
7734 8265
7760 7855
4090 8328
4840 7196
1511 8092
961 2490
8504 8505
1408 2965
3105 3351
8287 8447
5751 7864
4425 6984
5400 6435
3692 4322
1728 7019
2629 5311
2272 5243
4427 7642
3771 6874
7956 8036
7919 8179
803 1246
1090 1984
4828 5928
3273 6185
1587 7312
7301 8384
873 8160
5849 7908
6346 7720
8145 8464
1603 5055
7113 7430
6759 7669
7452 8184
3798 3866
4850 5619
7730 8146
5075 8036
4342 8091
6490 8385
8293 8303
4076 8185
1041 1270
322 6892
8308 8394
2778 3596
4520 6872
2705 3427
7923 8231
4680 4871
6207 8468
3517 7235
3017 5075
456 6906
1444 5259
5543 6279
1379 3432
7739 7859
152 1724
3045 3761
611 5029
7883 8277
3453 8493
5794 6366
234 2857
8042 8374
8278 8505
4969 6666
7792 8384
510 5698
8220 8369
2795 5416
107 3863
7819 8032
914 4276
1140 2739
3225 6445
2987 6739
2638 6917
6604 8361
152 7622
5452 7122
50 7931
3965 6909
6193 6554
3786 4168
2101 7658
3725 7356
1809 7813
2254 6205
4964 6050
2691 5318
2840 7904
2169 7165
6368 7451
5099 5280
8050 8206
6660 6754
958 1300
6904 8388
3885 4740
3699 3954
7486 8384
5299 6891
2934 6032
2386 5266
5104 5428
1940 6502
3427 4321
1766 4232
7132 7390
6412 6443
917 2431
5173 7521
5586 7725
1933 8348
5070 7555
2951 3079
3394 7915
1697 4501
2906 5056
2119 7861
5118 7915
5819 8257
6049 7623
4764 6062
141 3227
4874 8222
8095 8261
1184 3209
6796 8129
774 5055
2323 2336
5147 6886
1866 2480
3161 4820
3297 7381
6038 7975
4107 8268
6227 6496
6884 7152
5721 7524
3670 7095
2972 7353
2717 4500
3581 5449
3139 7576
3558 6938
2848 6070
3334 3851
8062 8329
7023 7452
6735 7389
4703 5639
4909 5030
6948 7447
3260 4161
3558 8084
2245 5993
3522 5526
1249 6934
8470 8488
2779 5632
8298 8398
5146 8207
520 1485
7589 8316
7276 7297
8048 8285
1249 6243
7949 8139
745 5374
597 3481
3222 4103
1604 4929
8171 8250
3958 7367
1951 4320
6604 8488
2902 2905
5143 6862
4137 6566
813 6392
3413 5273
3033 3789
3825 4185
572 1355
4151 4545
6443 7839
7272 7973
2251 7990
5826 8091
1141 7097
6203 6789
2531 6452
7545 8038
3805 4579
3049 6435
987 2726
4192 4832
3755 6982
1088 6620
4183 8030
1783 3386
2119 3459
479 668
6703 8200
1118 7797
1910 3643
3703 7912
403 3735
3224 4527
4386 7910
7847 7955
7077 7443
234 3348
2556 5640
2152 3039
3502 4422
1244 5713
6249 6681
3442 3698
2088 7555
7187 7681
1153 2918
3097 8470
7518 7561
4624 4666
5082 6103
1676 7031
8217 8234
6426 7431
1746 5421
6738 8327
4601 5124
3083 4850
5533 6129
1036 3073
4166 4475
7225 7553
6364 7908
5072 5176
6574 8179
5800 6921
6273 8496
8183 8187
383 5643
6169 6862
7879 8131
5354 7345
6171 6658
4171 8272
7585 7972
1580 6121
3333 8223
6504 7094
3675 6461
3006 8044
1704 7169
3393 7952
7224 7471
4511 8038
2544 2804
5882 6636
3690 7975
5331 5649
5307 8219
7574 8035
3768 3820
7332 8129
8146 8454
4952 6945
1243 6404
3317 3486
6693 7639
7812 7846
7088 8260
4723 5529
6777 6785
3554 6040
199 5282
6202 6373
3707 8299
6181 7906
248 5191
2978 7608
6853 8088
1461 6646
2460 5165
1330 4824
965 1972
348 5078
2109 2801
7107 8210
480 2034
7455 8416
8403 8452
3814 7402
4673 5078
5425 7241
4002 7387
5825 6718
2176 3996
1656 8162
4706 7865
87 5942
1539 5864
4142 4343
7312 7747
5798 6182
6815 7183
2001 5886
6692 8195
4014 6276
4784 6638
3192 4829
6900 7191
7965 8252
7979 8478
2153 7225
6466 6705
8222 8474
4149 4259
3778 5812
2890 5057
362 7655
443 6114
6425 6706
8273 8286
499 3752
8133 8456
3046 3523
3356 7535
3753 7503
3806 7150
1295 2942
6948 7657
6898 7881
1545 2356
5638 6542
1400 3923
5973 7135
3432 7731
7234 7312
3918 5749
3178 7830
2683 4018
3700 8218
6991 7951
7294 7743
6161 7699
5200 8124
4043 6187
5740 6654
8163 8469
8136 8370
282 8384
2442 6594
2350 3645
5295 7527
7490 8371
6462 6619
5822 6221
139 5726
1015 7383
6974 8289
7959 8083
661 5881
3527 5142
1509 1861
6288 7734
8210 8263
6371 8480
164 1247
4166 4881
4473 4557
8144 8165
839 2886
4891 4916
440 1645
6658 7695
6385 7945
5016 7849
373 7375
2194 7466
1743 8099
8089 8131
3162 3976
6624 8304
5575 8075
4672 7198
3632 8116
1733 7270
1650 3296
6776 7791
4853 7194
553 4018
6297 7148
387 8138
261 8281
1588 6159
7754 8019
4264 5536
1785 7868
8427 8481
3403 6606
3815 7668
5156 7110
761 5459
2678 4108
3065 8209
8000 8246
7217 7536
7919 8271
7411 8097
1544 7529
2953 4157
6551 6959
2154 3380
5294 6497
1559 7444
770 3718
656 3401
4891 7996
5116 7584
1401 2187
184 8084
2859 4657
7582 8319
5394 6933
5860 7230
6388 7286
6215 6270
4512 5389
3419 5499
4350 7177
1863 4444
6173 7578
2580 7426
6052 7037
3127 4857
4729 5481
4629 8170
1111 6089
8452 8499
5248 5508
2893 4266
8076 8123
5279 8123
774 4622
6421 7632
2792 5814
5003 7851
1439 3672
6644 8502
4328 6551
3643 6321
1119 5209
2861 4705
8105 8111
1239 4575
3463 7498
7286 7604
153 3710
6649 7145
7849 8242
3435 5242
3195 5070
5424 6234
1679 3739
526 7272
4407 8338
1640 6185
5919 6775
7528 7599
5974 8063
5773 5950
5533 6889
3731 7894
6784 7731
3885 4485
3649 4928
1611 3964
1420 6104
2213 2316
5709 5855
8147 8366
6014 7393
1359 2185
285 1975
4143 7195
2157 5351
5093 7361
3711 7934
1255 5636
3674 5397
5510 7728
1662 6969
7169 7989
380 7552
8258 8422
6325 6758
2817 7772
2320 4433
6341 7854
3990 4042
1643 5437
874 2954
2091 4308
4132 7981
6468 7578
2199 7964
5287 5913
2643 4711
3149 3232
5388 8414
165 8189
8158 8504
7544 8351
3253 7539
1742 8030
7390 8082
6994 8479
4821 7588
1067 5681
7000 8298
576 4000
7383 8011
6119 8324
1992 5648
3282 3374
1043 6919
776 7527
6061 6985
888 7656
2632 7754
8395 8461
6428 6619
6179 6411
1853 6192
1340 5600
1390 2026
2353 2775
164 3722
2546 8269
7429 7700
1702 3047
7468 7727
6988 7002
3619 4414
2750 5963
7545 7930
4356 5860
1568 5608
357 5402
2954 5354
6082 7674
6799 7599
4333 4388
6355 8163
2802 6490
4711 6078
4376 7552
1253 6621
2876 5297
8250 8278
6521 7469
5892 7634
438 7139
3095 6263
7385 7827
3972 8157
3991 6243
2950 7547
1655 2766
5105 6769
6084 6418
2540 2888
439 3992
2539 5997
2362 3710
3594 6039
4284 7263
8111 8349
3840 8460
771 5777
6216 6989
5713 5857
128 7230
5254 5313
6612 8076
8191 8325
6568 8070
1322 5732
3822 8497
5141 7817
5641 6694
465 6738
4621 8108
5908 6218
7394 7585
3000 3322
7353 8271
7258 8197
7825 8486
419 1368
7470 7735
5075 7972
2710 6055
6520 7597
6931 8436
6780 7054
7846 8187
5475 6035
8450 8481
5034 5060
6030 6640
7900 8136
8176 8424
4116 7110
4704 6093
5629 6401
5370 6519
7717 7768
6858 7170
185 2530
1990 4275
621 1036
1060 6698
5191 8037
2331 8318
20 3064
999 7246
7629 7824
7901 8063
7286 7638
1970 3715
544 4424
5311 6030
1422 2965
5809 7515
2836 4822
517 1976
6639 6966
5177 6884
6390 8160
4265 4888
1243 3493
8159 8379
5139 5191
8418 8424
3160 4761
392 6574
7838 8069
7718 8378
3068 5633
1517 6507
569 2562
1085 6835
6095 8394
7362 7999
5700 7128
6276 6682
1772 3532
1309 6288
2240 5256
1972 2466
5049 5454
5205 6988
7414 7496
1282 1408
3388 3772
2808 7898
7425 7575
4668 5816
4266 4766
8129 8344
5939 6402
1678 8314
5972 6794
4942 5552
993 1841
7266 8116
12 7668
6864 7966
2483 4533
7574 8102
2223 8388
4173 5056
5044 7309
6423 8398
7075 7546
4467 6862
467 1998
5924 7995
7569 7681
2349 4469
2626 5089
7025 8263
2684 7042
2106 6803
6601 7719
1269 8419
2743 3110
794 5287
2034 5006
1171 6931
7416 8451
7150 8165
1585 3967
4959 7471
1148 3882
782 4053
5927 7132
6950 7075
2412 3774
8276 8323
2900 7496
5956 5977
8130 8271
8033 8128
1695 7980
3323 7105
5557 7313
2035 2454
7927 8229
457 3149
6936 7390
1846 5544
3001 4830
6484 7880
2302 3299
8193 8330
4719 4799
3187 8374
5943 6369
3074 7923
8175 8179
116 8231
6016 7829
1917 3675
7523 8107
6133 6850
5753 7601
7208 7825
2333 2678
4981 6005
7633 8100
1469 7520
4796 6333
8391 8426
4556 4804
1024 6475
5277 6886
4412 6623
5163 7508
6478 6647
1167 4849
6888 7869
7014 7826
2374 3959
5384 6878
8241 8273
5476 6170
4068 7951
4216 5167
2028 2142
2502 4374
5720 7785
4989 5965
6117 7564
2869 5169
2479 2742
2425 5203
3409 6958
7428 7593
6063 7363
3745 5883
3435 5569
5726 7455
1536 5202
2828 6611
3042 4671
1510 5202
5179 8206
5871 7227
7126 7455
6429 8370
4907 8482
7620 7665
4230 5744
921 6641
4655 5684
3313 4695
8290 8476
5697 7861
6313 7649
1476 3750
6681 6861
7103 8038
3261 6404
6720 7607
3480 4379
7963 8349
7837 8383
593 904
3951 6720
3683 7999
7657 7700
4924 5098
1974 3960
7742 7769
5546 6298
599 8274
5845 6028
2993 3449
1698 2844
30 7786
1639 3198
4139 4894
1730 3472
663 2530
8422 8438
4677 5214
5321 6532
3855 3898
6078 7744
5296 5356
4970 6955
4240 7048
1735 4186
903 6555
2690 2719
6127 6492
2381 7087
8148 8494
4833 7536
7989 8051
7743 7807
1187 1715
408 5218
7315 8327
8123 8443
1258 4663
6209 7859
585 2474
3714 8423
6007 6242
4559 5549
7084 7698
574 7921
8307 8495
6716 7724
6652 7507
2294 8409
7490 7889
2868 3426
1228 3294
4144 4944
7323 7541
2499 6809
8368 8465
4821 8051
3158 5789
775 6267
5742 7184
4002 7720
2845 5979
1566 2723
1564 5170
4578 4690
3179 5988
7969 8149
3672 5032
5216 8444
1707 4550
6838 7729
4863 6233
2102 4819
7972 8083
6395 7034
4197 4655
6063 6980
6993 7488
1178 5304
3081 7202
6732 7841
5666 7099
7003 7377
183 449
845 2359
5953 7898
1903 4054
5054 7243
1546 4947
1969 3935
8348 8445
5243 7399
165 3289
1687 5271
7104 7750
7946 8043
4207 6279
6774 7173
4765 4774
6394 7451
2711 7164
1185 3850
293 4964
1210 2056
2002 6759
5760 6009
8234 8353
6298 8344
1215 7440
4622 6539
6719 6927
7139 7527
6002 8116
505 4921
3175 7630
1189 2130
7651 8372
2982 6026
7549 7588
5481 7777
8406 8419
5289 7292
2348 4205
7290 7967
3166 6678
5556 8033
4990 7312
6744 7643
6934 8500
2213 3991
6573 7760
3999 5472
5803 8294
7101 7491
3168 3343
504 2860
140 6504
1308 3523
7298 8240
5557 6936
325 3854
7405 7690
4782 6048
6612 6709
5047 7834
8356 8448
5763 6955
7563 8393
372 3613
3481 8220
885 3135
1627 6462
1937 6856
619 3751
7876 8258
1745 6446
7273 8012
7072 8358
623 6302
4395 4444
1117 3432
7216 8237
4540 7233
4085 6652
1415 6900
1350 1408
4141 4427
4661 5416
5809 8438
1953 5066
126 6492
5659 5978
1335 2606
3497 5484
4965 6431
5389 7017
5451 6988
1632 4168
7828 7981
2385 3734
885 3311
6264 6471
8384 8411
7743 7760
3669 8494
6401 7650
568 8146
6221 7863
638 853
2958 3376
7065 7650
5699 8101
2015 8207
4156 7426
593 981
4916 6025
4426 7116
3560 8477
5033 7232
1478 4967
886 8416
3718 5843
7106 7955
4726 7034
201 7946
3903 7870
6731 8167
8390 8489
2562 4122
7932 8407
8277 8431
2729 5942
467 3242
5301 8217
6995 7353
5505 6628
1354 6561
6270 7433
1938 6842
7865 8087
8473 8495
8023 8259
4182 5328
2993 4167
3234 3303
92 1034
5037 6735
1886 4649
626 658
8326 8499
8286 8498
4423 6908
1482 1845
3364 5706
8092 8160
5394 7357
7334 7773
7177 7574
579 2518
6521 7492
7407 7989
8251 8473
6804 6990
6611 7917
6600 7807
3591 4198
3845 4032
6676 7722
5808 8491
3022 5439
6785 7539
2879 6860
5870 8050
1041 2278
6325 8198
4774 5999
6328 7743
4807 6965
7842 7866
7637 7802
3855 4182
1222 1249
4545 8156
2012 7834
4318 4753
4415 7327
1017 7478
6813 7994
4652 8431
6994 8282
5988 6088
7374 7835
3483 4725
5957 7335
2765 4758
6147 8369
7946 7977
6153 6242
860 2303
5773 6133
3985 7732
3209 4820
7399 7690
2203 4664
4906 7677
2953 4229
6528 8052
2054 5280
5329 7193
3461 3775
4064 7949
4979 6302
2664 4313
499 8114
301 3775
6229 6552
577 1855
4158 4237
1422 3061
1364 5249
5805 6744
3553 3840
6387 7960
6661 7288
6906 7282
395 7658
4385 6289
1463 2178
8195 8277
8024 8049
3635 4602
3896 3920
4277 7302
3375 3703
7094 8124
8003 8272
426 8305
5843 6201
5281 8138
1946 7557
144 7529
7194 8094
1654 3807
3755 7846
4757 5498
6843 7691
7137 7783
8424 8486
434 5067
3627 4835
3998 6336
7676 8391
7399 8263
7732 7778
6213 6926
7869 7946
3538 7098
3404 6711
2775 6160
3885 6034
3316 6036
6948 7787
3257 6743
3222 6731
3363 6081
7769 8090
7314 7328
7433 8086
5594 6857
1672 1843
6491 8309
989 3285
533 1758
6645 7656
3729 4597
5332 6914
1517 4708
3309 6351
5290 7748
8248 8358
1113 3266
4895 6688
3015 3876
2394 5171
7073 7226
6229 6956
656 6309
2471 2563
456 2035
4427 5722
1687 4113
8014 8305
4870 5562
5120 8060
4433 7326
4993 7757
2261 6497
4371 6547
2534 4392
1169 6056
3258 4457
1489 8433
1680 7378
1178 3815
565 753
3299 6201
6304 7100
2268 3760
5120 7043
7718 8485
315 1894
7480 7689
2452 7324
197 601
3524 7105
1860 5627
5482 7967
1532 8124
7375 8375
2813 4619
5950 6056
7680 7925
7168 7410
6634 7083
5903 7536
930 7470
1417 6249
5218 5427
1009 5134
8130 8236
2234 6028
2550 3001
5585 6252
5091 6123
3134 5881
3625 5943
1604 7325
7242 8494
4834 7753
1487 5165
6287 7512
4891 6543
235 1903
3458 7530
120 2946
7937 7954
3137 4819
2699 5168
6307 7027
3824 4162
5552 5906
1875 5254
7691 8041
889 5423
385 496
4004 6020
4384 7790
4976 7700
5559 8472
6156 6396
8203 8444
3953 5079
3713 5608
198 4913
6995 7379
3495 5826
4789 5643
3552 8257
1898 6403
3316 4408
2049 2855
765 2417
7235 7255
7763 7989
4552 5561
4821 8298
2465 4609
1812 3887
1696 3076
3265 7263
3288 5052
4749 6670
1558 4450
2148 4485
2928 3607
809 3443
489 6954
5885 8481
7041 7201
8015 8247
8414 8504
896 3490
5642 6820
636 5199
1779 3142
1594 2487
5896 7325
7691 8458
1262 5379
221 1855
4803 6032
7719 8122
8494 8496
3139 5668
5744 6353
5168 6028
90 3843
3805 6133
8184 8335
5311 6226
20 1996
5333 8016
4421 7576
1334 1821
2885 7453
691 1183
4907 5644
2939 5859
4889 6523
3054 8027
7733 8141
899 3590
3835 4096
188 992
850 6447
2607 2869
1995 4888
4267 7840
6724 8446
168 7104
4159 5988
4840 6561
2698 3182
6712 7234
4795 7744
3671 4393
3141 3253
5446 8207
862 5513
1520 3825
7028 8271
4890 7358
6733 7097
6501 6920
3928 4373
6716 8002
2060 5517
2633 5694
4936 5700
7580 8308
5633 5859
1829 8081
1508 6854
4196 6013
6474 8357
779 2737
284 2824
7193 8464
6429 8171
4360 6869
8490 8494
5752 7488
7345 7567
614 7195
1741 1793
515 2586
5980 6632
854 8346
5935 6136
4236 4763
5485 7033
1180 1492
527 5105
1469 6076
7930 8318
3497 4855
5505 6985
5273 6234
1438 5371
464 6979
4676 5895
203 6499
6724 6970
7658 8256
3676 6204
5608 6615
4155 6793
2629 7015
6372 7415
8099 8401
2626 7104
8165 8415
1095 8257
6294 6947
5638 6782
1259 8037
5500 6293
8158 8484
4245 6087
5863 7390
1580 6331
6334 7459
1924 6171
3150 3432
5247 8035
261 3618
8087 8440
6298 8360
396 1880
1827 8284
3332 3373
8167 8348
6256 7525
3802 7145
4987 5471
5976 8215
8233 8360
5684 7996
5009 8372
342 916
8201 8381
7093 7284
766 2600
4456 8472
2459 3162
6768 8107
395 8440
6239 8433
1558 3209
4241 6859
6942 8191
4104 5726
4692 5015
6812 8053
676 7629
1274 2211
1000 5227
4203 4323
765 5111
2628 7203
1559 4487
7391 7470
2967 5529
1716 2960
4591 5834
1569 5955
5746 6715
5593 7814
7224 7674
8191 8409
1859 6665
1832 7512
5460 8445
1671 7632
3537 5339
2230 8147
4213 8284
5912 8299
2931 6892
4008 7491
7932 8274
232 4047
2163 5649
3657 5240
2057 4792
1317 8021
5475 6134
2425 7235
1180 3668
7647 8332
1813 2869
5328 8107
5256 7963
5590 7858
8135 8332
1317 2066
744 7564
944 7127
8207 8473
6054 6932
6928 7438
5320 8479
1618 7629
1557 1579
2999 5373
4628 8236
3914 5807
8146 8265
7307 7400
5397 5693
8472 8492
4766 4815
3004 5837
2437 3188
2065 7241
4074 7205
6882 7377
2256 2459
8247 8313
6274 7752
3203 3315
3777 6599
5866 8211
6482 7906
3807 6159
4313 7644
1425 6881
6697 6800
4867 6507
6565 7170
4442 6827
5126 5278
3565 6974
3023 3375
7929 8382
3417 3622
6119 6548
5660 8369
6357 7590
7405 7980
4530 8298
2636 4363
4718 5931
7749 8380
3843 4747
1403 8385
1442 7416
3703 4907
212 2255
2891 4476
4738 7958
8123 8408
3343 7362
4604 6317
1575 7185
1911 5204
1815 2975
5739 8401
4214 6661
4054 8120
4916 5256
4090 4215
6296 6840
2598 4627
3021 3314
7851 7930
1694 5917
1823 7065
7858 8134
6486 7943
3001 7398
3386 7145
2874 5840
7554 7671
4464 8122
295 8485
542 6127
1623 2491
7401 8137
4187 7822
2377 7079
7107 8075
728 1997
1791 7029
2372 4753
7163 8037
5839 6971
4910 6979
1415 3687
587 5923
3475 6518
6120 7792
8496 8501
7000 7040
4075 7031
374 7440
4961 6124
7118 8256
2289 5674
8288 8500
4703 5331
1269 4227
51 2116
2748 5001
3598 5995
8059 8228
5589 7838
636 8139
239 7115
352 765
1089 2966
4951 6761
413 624
719 908
1182 5944
3289 7365
4618 7268
2339 3346
2845 4184
6586 8058
7639 8241
821 3059
7874 8232
4384 6564
2377 2573
6709 7174
7871 8141
3345 3661
2044 4000
6750 8054
2532 3956
6891 8235
363 6512
413 7592
3523 6950
2927 3116
3999 4647
7261 7920
1156 7904
2780 4196
8105 8192
5156 6333
6148 6390
4251 6396
7595 8330
2028 3346
3679 5784
6848 7604
8441 8443
2132 6033
5413 8137
4925 6434
2219 6604
1258 2049
7017 7798
5499 7281
7837 7995
3886 8381
8422 8450
3692 5581
1911 3241
4404 5273
3625 7554
356 8442
4287 5828
1883 7127
6991 7373
2322 2970
8495 8502
2845 7710
1890 3034
2337 6550
1125 5125
6883 7926
1910 2864
4549 6568
6871 7226
1065 3757
6966 8011
2286 7564
108 904
5778 7790
3563 5422
6034 6584
5030 8044
5902 6900
6925 8297
3757 7806
3041 3672
6196 7883
1532 5880
5823 6301
5047 5392
5819 5890
3044 6554
8310 8392
3450 7266
1105 4781
7586 8290
6903 7238
1513 2070
1161 1627
6377 6614
5039 7989
8158 8376
7671 8439
6786 7305
6265 6662
2406 3442
612 3921
8150 8390
8080 8334
6180 7671
7020 8196
5773 6822
6417 6957
1099 8324
6343 6593
3601 4726
3559 5783
7210 7661
7204 7674
2218 2502
5531 6440
7930 8129
5617 8072
1581 2305
2355 4788
3360 5446
1653 4305
1110 1508
8141 8489
3673 6976
1465 3660
1823 3678
3280 7486
6681 7225
4806 7803
442 5458
913 8033
3801 7924
4225 4446
6660 8495
5714 6950
2499 8417
2446 7130
2004 7076
2577 4564
20 920
8147 8171
6157 6431
1599 7629
1692 7417
7278 8313
715 3794
2372 6435
3307 4458
852 1374
4032 5353
5199 6919
4678 6113
3927 5994
1232 5021
6780 7545
3193 4165
875 4829
5110 7350
7343 7793
2953 6511
4940 5115
2083 7288
4906 7420
2194 7390
1267 4043
1510 2550
7604 7742
7324 8187
1622 7459
2683 3474
324 7561
1876 6095
4967 7788
4931 7332
354 6741
1545 6322
393 7990
5039 6711
3141 7277
4041 4632
8417 8422
4935 6461
3863 4264
7950 8385
4532 5597
2518 3335
1090 7952
4044 6460
478 7204
7761 8329
5455 8278
5538 8246
7708 8336
5070 8426
1025 8136
308 3477
1052 5814
6165 8149
1554 8320
2797 3635
7184 8317
5334 7660
7037 7239
7817 8091
3017 3468
3631 3804
8487 8489
8422 8464
2340 6069
8151 8456
2227 6446
3214 4260
4601 6648
270 6533
2266 4834
8094 8110
7254 7583
6471 7279
2165 5109
3984 8065
6505 7703
5352 7152
5607 5870
1644 3235
8292 8413
6983 7094
1339 5663
7588 8175
5127 8169
5393 6045
8436 8466
6219 7943
4702 8108
1272 7250
2429 5508
1228 8462
1842 5712
2599 2762
6404 7848
8059 8306
7817 8461
8114 8454
692 5048
4916 5143
1366 2554
1905 4394
3695 8160
5011 6082
4891 5247
2523 4056
208 2743
1881 2320
3776 5631
2610 6927
1441 2456
5393 7590
1593 4711
389 6061
4026 6001
2834 7404
5290 7475
6289 7084
1180 1326
4729 5519
4531 7753
2258 6002
4862 7282
5087 8011
7474 8042
2663 4988
3916 8317
7685 8101
7504 8317
1048 4319
520 8075
823 2070
5311 6098
8310 8448
1829 4634
4336 8052
4595 6396
4476 4570
4331 7300
2079 3464
3741 7865
4084 6854
6814 7879
6190 6996
4636 7241
6420 8407
7014 7335
5253 6800
1045 6599
2776 5445
8066 8123
2093 5130
3909 4678
1436 5242
768 6300
312 7784
1361 2250
6242 6817
6296 8411
789 6319
3940 7636
1372 3851
2666 5583
8119 8447
6019 7902
8088 8379
7480 8217
8078 8107
6780 7463
3375 6741
3928 6032
703 3278
2078 3982
558 8092
683 1746
2612 7178
1761 5965
441 4346
7669 7981
7024 7290
8165 8287
4857 5011
8017 8152
2828 5760
7445 8413
7149 8112
850 6368
1120 1259
4178 6015
7995 8006
4543 6172
3394 5724
997 2885
93 7840
13 5285
2789 6153
6283 8375
2244 4071
2304 3736
1054 7805
3452 7892
5565 5950
3524 6163
7998 8236
4985 7179
3530 6755
1037 1357
4887 7997
2136 3166
607 4098
5150 7347
2290 7364
6285 7608
4491 4940
89 4595
289 2179
3942 4908
3175 7182
7508 7703
7763 8284
7449 8454
4646 5916
236 3869
3645 5056
5170 6700
3811 4881
2192 6422
2206 3305
8209 8248
3348 3943
3436 6427
1466 8275
4988 6779
5136 8371
4676 7421
8047 8055
7865 7915
3383 4398
742 5944
6501 7036
6700 6962
585 5619
3164 4777
5508 6607
2369 3265
5662 7544
3099 3230
6474 6996
5573 6501
4187 6780
3653 6280
3739 7072
7210 7705
4252 5472
654 7927
3966 7669
8410 8474
5799 7289
2678 6697
8362 8428
1107 7879
829 5731
6996 7252
7169 7635
2148 6998
7602 8312
8149 8239
134 5475
6697 7613
3761 4228
1477 3682
4611 6926
3144 6459
6722 7059
5113 6184
490 1543
6049 7331
157 7564
1482 1869
2420 3256
5322 6645
3992 8066
3688 8105
2980 8474
7136 8425
2587 6025
5824 7927
4982 5889
3014 4348
3350 4744
2141 7863
3703 8246
1059 7637
2766 8296
4690 5872
7219 7703
8056 8295
7004 7070
5783 7994
4533 8406
844 8046
5368 8160
2089 4685
6095 7225
6514 7351
2149 7934
14 3438
3185 5028
5564 7145
5387 8198
4281 6028
3552 4025
8192 8314
4403 8201
8003 8096
1552 5487
4070 6630
2760 7484
5955 6972
483 6590
4152 5247
3318 5262
4975 6633
2857 7773
2811 4992
6182 6317
592 4343
1136 1426
7817 8035
8207 8466
3785 6647
971 1920
3564 4713
8043 8260
6946 7023
2472 7941
3827 7376
3365 7219
7656 7830
3055 5320
6312 8158
494 3724
5929 7142
3236 5901
2731 4014
857 2045
4367 5753
4446 5442
3666 4498
3604 6198
2042 8121
6832 7537
1015 5402
2530 6765
368 2543
3074 6561
5673 6943
2171 8013
7105 8405
6006 7273
7095 7730
2231 4370
2955 3230
4621 7988
7751 8110
5565 6118
7862 8347
2973 3314
4954 5624
4743 6906
6227 7677
1303 4775
3621 7181
882 7473
5376 6679
2393 4771
6480 7937
1886 2077
3331 8453
3127 5885
2445 4120
7495 8498
5924 6041
1690 4784
7025 8174
7740 8158
681 5260
2143 4436
2614 6695
8132 8364
4104 8480
5524 5548
5344 7389
339 4433
5130 5438
1258 4691
1003 4554
472 6173
4700 8257
4947 5925
2769 5242
574 1388
7735 8243
2784 7608
4186 8129
3057 3743
1386 7310
3214 3860
1944 3705
3031 5553
3924 7183
5093 5427
4992 5521
656 927
3475 7268
5856 7456
1508 6463
1089 2891
983 7204
8333 8478
5860 7894
358 6845
3366 5053
2832 6484
2337 6855
4980 5467
3814 6287
8414 8439
1135 7742
4303 5594
1814 7998
2830 5375
8169 8428
230 7297
904 1553
8441 8476
4727 6075
6076 8503
5366 5726
6263 6449
2659 6830
7692 8108
5804 6701
6331 7926
5248 5327
1547 7139
2633 5227
216 7044
1922 2723
6952 7503
5606 6623
4959 6473
4465 6414
2704 5350
2333 4674
810 5314
6239 8329
5140 5908
5117 6416
1270 5801
6250 6646
5849 7691
417 4174
6857 7291
932 3120
7059 7745
6607 6638
3023 5974
2325 3506
1625 4641
78 7135
6075 7346
5622 6591
5345 8243
6160 7039
1439 5900
2943 7011
2471 2653
6288 6951
4177 6407
2601 4215
3372 6568
3507 3641
5900 6056
3574 6468
588 6056
7899 8404
1868 3460
5663 6176
3849 7293
4129 7877
950 5799
2377 3564
4570 7073
5670 7760
557 5427
5564 7359
7522 8341
7200 7561
1572 2362
6390 7858
517 5803
3025 6984
1705 4812
6319 6770
6347 7219
6420 7197
5019 7457
134 6178
5244 6901
2617 5124
2252 8313
7736 8209
3433 4953
3673 7579
7748 8085
6269 7099
4703 7424
2894 3463
391 6754
8347 8414
5657 8375
5578 6191
1129 7073
7708 8136
6909 8414
731 2087
5859 8408
6707 6921
6509 8288
2115 7599
1201 2363
21 3772
5291 6490
1308 4345
7038 7075
5301 5952
1291 3058
1541 6829
1415 5117
6586 7550
6710 8039
5042 6013
8151 8366
7729 8019
630 5894
7598 8148
2050 6252
1998 5028
7371 7941
6713 6825
2444 4896
413 1148
240 5161
1634 3205
1108 1332
739 6616
1429 5227
8213 8462
8157 8166
1094 6570
2179 5343
3840 6573
431 1062
1335 6911
4139 4348
5702 6026
334 4694
3712 7166
488 5983
4952 5108
1399 1855
1343 5012
6204 6591
2496 8037
859 7632
8007 8459
4146 6140
1944 5748
7061 8385
4511 5306
2272 7558
6506 7090
5486 6107
7713 8011
1621 4640
3747 7987
2221 7331
7072 8319
8016 8418
2231 8275
8202 8315
8313 8437
1847 3414
3347 5083
2158 4119
409 5554
1062 4826
1388 6966
8453 8470
7082 8164
2819 4263
4973 8047
4159 7271
7759 8492
706 6940
3154 6410
5202 7074
2822 4021
1642 5642
5094 6067
2858 5128
2584 5825
2335 8237
1580 7180
2590 5464
3687 5035
5447 6277
3335 3682
4818 6341
615 3865
3257 7133
8126 8380
2377 4264
6273 7574
1920 5981
6136 7575
3778 5019
5490 8037
5771 7925
1171 1979
2513 4362
6346 8316
6395 7470
7844 8411
2204 7757
3966 6561
4816 5946
1685 8396
7849 8074
7242 8323
5708 6312
6917 7243
2010 3512
2935 5064
7051 7285
59 3519
7205 8159
7352 7871
2339 8362
2038 5038
4571 5453
4685 4808
5506 5765
2132 7942
2956 5081
4179 6701
5494 5671
5183 5344
4430 6543
6344 6944
3301 4763
6127 8126
669 3037
6133 8437
5539 6171
606 757
8166 8430
4284 6690
4765 8271
3576 3596
4242 7869
6970 7865
8174 8380
2593 3378
3621 4421
7395 7958
5017 7519
6027 6316
1240 5211
4740 5070
6251 7986
1850 4992
370 5142
2038 4848
4238 5280
7443 8099
5085 6575
5699 7571
4597 8474
4545 8039
2411 7325
7408 8171
5479 5719
81 440
5452 8055
2446 3356
1373 2776
7416 8190
1666 4601
4467 6687
6236 8204
1025 8147
2152 2658
7224 7487
8167 8183
7770 8376
8358 8457
7290 7752
5431 5841
1889 4595
3021 6483
5745 8221
6472 8027
4291 5325
1117 3105
6789 8313
3739 7932
622 1377
4844 6009
7944 8078
3675 6575
6901 7023
282 7168
5335 5877
6103 7675
3954 5961
8438 8454
7895 7986
1528 2060
963 2032
843 1080
1236 3643
8169 8374
1360 1379
4921 7825
850 4043
1823 6437
8193 8413
2384 4983
472 7032
6435 7406
7429 7478
640 2099
8117 8167
3519 6274
4701 8429
1491 8252
8415 8417
7771 7979
653 798
3469 7470
813 3432
939 6483
2777 4956
520 3540
6538 6619
7724 7908
1119 2126
37 2264
7934 7965
653 7685
6163 6873
1356 4210
5712 7009
7200 8445
6027 7932
4302 7464
6918 6942
3438 7463
5768 6053
5663 6025
5650 7411
705 1316
339 5408
7230 7539
6591 7597
3901 8137
3883 5339
785 3279
6715 7112
1831 7058
6603 8280
659 6928
5001 7497
6587 6878
6840 8258
240 5473
236 2983
7630 8428
3783 7647
4068 8188
6389 8430
4662 8086
7871 8073
1746 4821
8126 8477
574 7865
4942 6338
1709 5930
5436 7211
4752 8032
7818 8308
5483 8206
5573 8256
5070 7742
6252 8098
7924 7985
7157 7333
605 4152
7498 8345
6890 7976
2100 4457
7928 7943
7240 8477
7897 8338
6423 8150
5287 5430
6628 8145
4155 5716
5163 6229
1828 7450
570 5849
7316 7715
1678 4213
568 8431
3044 5453
4060 5603
7379 7922
1507 4420
1671 5896
3 1627
8480 8502
5803 6657
8381 8491
677 3152
7692 8221
5101 6107
5583 6221
3563 4741
3289 7416
5850 6973
3529 8085
6405 8480
2530 7844
1024 3822
5625 6664
2688 3363
3984 7980
6435 7633
6599 6617
1047 7561
3844 7216
8158 8382
5262 7803
1097 3920
7790 8302
2825 7918
7625 8134
5424 6328
5344 7733
7256 8398
3461 5193
2923 5833
5819 7022
2146 5322
3445 7376
1988 3361
1641 7959
2079 5739
6297 7230
2465 7508
3927 5382
7277 8404
2516 6504
6987 7613
3370 6639
7679 7705
4846 6800
1240 5022
5984 8343
4193 5684
4217 6052
620 5725
6976 7052
7796 8462
5500 5702
5424 7197
1730 4499
5467 7137
3922 6674
2317 7734
7673 7878
4914 7270
2412 8007
544 5435
4440 6098
2230 3813
5066 8101
3911 6128
3900 6318
8184 8463
8139 8426
291 874
8467 8506
5083 7213
2568 2781
1229 6586
5782 7389
226 2429
3684 4372
4689 8222
1864 2485
6727 7677
5874 7876
5555 7306
7988 8312
579 7356
4169 5344
5754 6132
2001 5461
5143 5976
2699 4949
6867 8083
5273 8344
632 1606
4768 5260
4429 7354
7686 8031
6260 8096
7249 8192
6796 7738
3763 4716
4738 5781
2498 5480
7039 7695
6518 7504
4193 5041
7136 8105
7144 8495
274 4636
302 4968
7700 7991
1893 6759
1600 7564
7404 8343
4391 6660
4355 5225
1424 7620
4179 7171
5868 6811
4685 7541
6092 7845
1456 7698
5402 6410
6118 6985
8072 8402
6823 7956
2525 3999
4010 5351
4749 6556
5154 6713
7559 8257
196 6067
5773 8217
8085 8087
3052 7248
932 6355
6064 6863
8052 8402
2632 7930
1965 2351
1740 2014
7743 7779
2954 8486
5031 8183
825 1071
6383 8060
5570 7012
5056 5501
3241 8172
4293 5879
2197 2801
5376 7679
334 5058
881 2147
5331 7266
1908 6470
6485 6926
2340 2516
2563 4949
811 2727
1909 2386
2877 2941
1865 2159
7969 8019
6638 7419
1776 3733
1622 4208
5573 6649
7313 7528
4372 5815
3659 5334
7677 8307
7819 8259
8243 8437
2545 6829
4721 5481
281 6510
5140 6297
5658 5748
1243 2673
6041 7294
5463 7368
5979 6092
5034 8326
7013 7564
8204 8323
1123 5199
168 3222
1626 3941
5297 8394
1701 1731
6686 6742
999 3788
3243 5801
5419 7241
4129 7713
3565 6511
7521 7941
8403 8467
8310 8359
6120 7760
8229 8283
6591 8157
3085 5805
1324 4627
5076 7877
5618 8387
2438 6144
1147 2471
2895 7293
7013 7593
1343 4013
5893 6183
1891 5935
3804 7448
714 802
534 2044
6779 7352
2489 7129
1324 5191
3166 5146
1951 6230
542 3901
7020 7208
5289 7028
5889 6594
3835 4966
4331 7018
8096 8231
7531 7820
4274 8413
5446 6581
8026 8286
8183 8464
3120 4110
3740 4464
4537 5845
7047 7713
1259 3407
194 7072
1990 6442
7913 7940
6313 7527
467 3491
1756 7810
5706 6435
2170 2705
2798 3260
6001 7386
6292 7049
4990 5188
2753 7066
609 6300
4229 8141
5653 7206
1754 6311
6298 7420
6758 8010
5392 7379
4467 4496
5701 7892
7725 8032
2271 7368
185 4562
2360 3036
8331 8441
4044 5430
1199 5344
1924 7272
7482 8244
3516 5299
2398 3619
2771 5366
5017 7759
2468 2583
2128 7515
328 6364
1149 3817
1613 6094
2553 3451
1470 5026
4437 7512
3211 8452
4186 7376
1777 4235
2096 5315
2491 5309
3073 3255
4079 8299
5441 5563
2393 8049
3757 5686
920 7692
2054 6015
3935 6581
1351 2207
1036 5892
7295 8396
6151 7311
571 7296
1146 8038
7267 7949
5937 6698
2845 7615
820 2048
4011 4715
6867 7746
5992 7602
7946 8202
5977 7110
8157 8159
5764 8495
6792 7512
2753 3393
4129 5742
6294 7275
2738 5566
2997 4418
7633 8347
1328 6480
2517 5876
1731 2049
6581 7175
6201 7969
5469 8083
4533 5582
114 3889
6252 7630
3034 8432
1713 6129
3140 6768
5596 6619
4997 7623
5238 7011
7305 8469
4565 4622
617 8425
6304 7155
7678 8376
1986 4377
1049 6715
4022 7758
2565 3765
6713 7673
7129 7965
2704 7715
7141 8017
3094 5894
6683 8132
2319 4023
3068 5871
3462 8161
6738 7121
3894 6424
6238 6561
3262 6113
2571 8369
7946 8056
7062 7342
4546 5268
7049 8090
5019 7425
1441 2079
1020 7850
3332 6183
470 5778
670 2628
7849 8253
7040 7321
195 749
7525 7554
3117 4964
2480 4598
4796 7933
4851 7536
1461 6333
2713 7704
2478 3963
4374 6681
4394 8367
2572 4479
6003 8208
4759 6288
722 7549
6013 6975
4427 8348
411 1579
5848 7992
3250 5241
1174 5457
7397 7776
3401 3673
434 7242
1092 5428
1991 7207
3305 4631
6289 7935
1325 7790
4124 6765
6590 8408
6855 8097
6232 8155
2877 6055
5838 7500
6604 6690
7519 8462
1050 2457
3845 4951
4868 5001
5668 7120
6696 7919
4712 7670
4598 6261
307 861
241 607
2755 6469
7439 7545
6304 8323
6306 7019
5602 7996
4532 4769
261 3330
6136 8375
5528 7041
7182 7280
280 7073
5395 8271
881 4078
7854 8280
2177 8005
7499 7849
626 8221
175 399
1761 3479
5739 7660
7091 7422
2584 8365
42 306
3251 3892
257 7547
4873 7424
5268 6590
7258 8503
4588 4855
690 2198
8207 8366
6096 7700
6339 6871
3804 8282
6444 8323
7904 8162
5789 6042
334 7496
6198 7462
6354 8179
6789 8290
6859 7664
5163 7101
7304 7536
988 1868
4437 4617
6650 6744
7214 8229
5443 5571
1427 6381
4745 8311
5548 5851
5781 6534
5470 7290
6299 6476
391 2303
1974 7961
2415 7597
6637 7150
6364 7055
1487 3164
12 1297
2977 4514
6444 8325
952 4165
2263 5152
3038 7806
3650 3828
7032 8159
3976 6403
5700 7260
2028 3961
7552 7641
1063 2135
1594 6802
8098 8317
97 1604
1179 2991
1595 3682
7411 8138
109 7717
5755 8352
953 3407
167 5265
4370 7601
5009 5980
5025 5864
7350 8445
1059 2964
2092 4047
6558 8033
5716 6001
7993 7999
5095 5294
320 6474
2213 6029
3351 4128
7259 7514
1331 2091
6505 8215
1753 6332
3278 7638
2547 6785
7053 7798
5526 5638
1138 7236
4853 6923
7793 7969
1665 3863
5390 6077
2641 6458
4805 8370
4125 8278
2044 8013
6112 7449
1587 2496
5622 5655
312 2338
4084 4729
1782 2024
7053 8131
766 4323
5004 8272
97 5140
7839 7896
6099 7725
67 5272
8420 8449
7304 8149
1955 5382
8402 8426
6262 6609
1721 8439
1464 3102
4718 6017
1263 3161
4505 5424
4976 5063
421 6810
3400 7450
1929 3396
7358 7729
6797 7979
5794 6427
3725 6165
4268 5587
2946 3441
7308 7742
7729 7885
6445 7848
1220 1399
3410 3969
3485 4883
3433 6571
4742 5287
7015 8469
7332 8180
6820 7065
1493 8389
1088 7362
8271 8440
3801 8219
566 7695
4602 5422
3126 3555
2478 3423
4603 5070
5221 8294
738 3499
4361 8038
4042 4118
127 7784
2200 2579
4265 6621
3715 5402
6339 7847
4573 6230
73 1723
2417 6234
7175 7758
5260 6646
5286 8438
1556 4563
7419 8228
5814 6822
2733 4010
2920 6583
6290 6958
4139 6298
3510 7959
4693 5560
2438 5400
7564 8364
6658 6978
4119 6175
454 6813
8350 8450
6000 8070
2276 3050
8107 8200
3089 6359
1741 2183
1566 8131
1433 3922
5960 8116
1237 6455
7014 8136
1096 4293
319 4775
3328 4524
1108 1325
5497 7399
4398 8217
5238 8364
5576 7027
8418 8506
960 2412
8411 8445
3554 5066
6694 6727
6775 7931
8452 8463
4856 5110
111 6870
6544 8211
3055 4196
3127 7536
403 874
3930 8059
6706 7464
7616 7648
8120 8481
4969 5461
1200 1703
4348 8006
806 2659
4818 6077
4099 5930
4021 6803
4508 6766
7039 8416
1095 3430
2358 5157
2301 2827
4256 7140
7852 8472
3896 5453
1370 5251
2176 6453
7147 8338
4456 6337
1513 6807
3673 5680
7845 8219
5254 6738
410 4473
46 6622
7279 8321
7817 8039
4426 7894
3193 6158
3505 8059
8109 8378
5944 8039
7027 7778
7614 8123
1013 3901
7117 7663
5442 8456
3371 5351
7359 7573
763 1035
3223 8096
7773 8427
3648 3972
8361 8363
5468 6885
4710 5486
2845 5619
5351 8350
4494 6328
5321 6888
7572 7806
8311 8407
5104 7899
5474 7421
1934 3017
3949 4963
7996 8118
2148 6611
8401 8458
4289 7998
5848 8372
4358 5155
5412 7233
1072 5640
2163 6142
7023 7918
3623 4655
2795 7325
1707 4992
515 1194
7836 8238
8166 8196
6521 7436
1212 6670
1727 2080
5002 7683
1353 3111
1088 2199
4073 8196
819 8389
1364 4956
3378 3990
2054 4614
5952 8259
6544 8113
3678 5564
5359 6844
7236 8129
4644 6903
4703 6093
7354 7460
6216 8338
3786 7579
1870 5945
4776 6496
4131 8182
5729 6117
5032 5989
4291 8174
7228 8460
1992 3345
1175 4909
2175 5733
2732 6984
6386 7108
6525 8293
966 6243
1434 2182
1686 3387
230 2464
2631 5799
2280 3770
2852 4824
5750 7793
2253 2617
7271 7449
3077 5078
1648 5263
4820 6764
8217 8449
2877 7642
1798 6669
3131 3518
285 6087
3000 5728
1757 5135
3459 3936
5002 7846
6772 8418
7585 8072
6139 6619
2337 6299
2291 3769
4960 6292
2127 7788
4437 4884
355 6138
4035 4248
5286 7443
6602 7153
1902 6721
5670 7198
4828 5484
1977 5093
8112 8358
3959 7710
5990 6921
1949 8270
4812 7480
8147 8493
5306 7022
7179 8074
4858 8152
3116 4171
7578 7719
6379 6575
1007 1759
6340 7671
7656 8340
4791 5530
208 6681
324 680
4504 6549
4821 7900
4480 8225
6164 6724
1521 7917
77 2766
3236 8209
654 2500
566 4071
7567 8242
1625 5682
3479 7229
1330 3581
1578 3375
34 91
6788 7834
844 7352
2536 6043
7942 8476
4431 6568
3713 7324
2100 4735
1936 4505
6077 7852
85 5438
2311 2713
788 2668
3449 3893
3190 4351
3623 3902
4306 6026
6506 6508
8154 8335
8303 8342
110 2572
2882 6809
3852 6291
4935 7898
1437 3176
2907 3709
7316 8348
5841 6563
6472 7615
5680 8490
4502 7551
5958 7608
5094 7983
2354 5097
8269 8504
6440 7633
1237 2600
111 8153
2225 6757
4804 7228
5840 8419
4692 6575
5906 7856
5005 6670
5464 7566
3659 7605
4228 7959
1231 2870
6886 7746
6870 7002
5043 5314
7313 8341
6330 8366
994 6858
1762 5795
5584 6367
3750 4060
1677 2089
6037 8416
4780 7460
1380 4704
177 3713
6676 7651
1650 6096
647 2871
4723 6326
7089 7324
3700 8384
389 5029
1892 6212
825 2413
4380 5980
2863 8506
642 6477
7839 8190
5090 6354
1726 5255
4407 5813
7584 8405
3876 5313
6855 7524
701 947
5404 5948
7323 8200
6501 8266
5591 7553
6103 7165
738 6811
115 3608
2091 5173
3360 7936
674 1918
342 1602
5259 7374
2714 4388
930 6581
4345 4593
3303 3499
6705 7169
132 481
2600 2878
7234 7785
7191 8089
1637 2150
5660 7754
4686 7189
1063 1820
3831 7660
7549 7694
2398 5352
4143 7733
2144 7926
8077 8198
4060 5707
3363 6748
7999 8424
8272 8432
6798 7252
2780 5429
3990 5697
865 2439
8113 8297
927 6314
4026 6263
5021 7482
820 7319
8334 8339
330 4590
1697 5409
2095 4908
5819 8045
1579 4899
3483 5440
6658 8496
2171 4520
5807 7595
1379 7014
7952 8102
4277 6385
6835 6971
2573 6884
3877 8097
6268 7303
971 7187
2498 2599
5106 8097
3062 6435
4126 7363
811 5164
4923 6709
3100 7433
5336 6575
263 5513
39 4415
7996 8031
7396 8315
4542 5149
6154 8123
2862 4116
6760 7595
3315 5112
1732 2585
6765 7270
3074 3723
3618 4265
5064 5443
3658 3830
2830 8106
1779 2006
587 7474
4005 4970
2060 5383
2270 5608
6669 7597
6466 6971
4157 7081
2699 5139
5960 7342
5859 6239
5266 7068
7237 7732
3007 5535
8263 8432
3593 4797
2845 6944
2462 3402
1226 5802
882 4536
4146 6634
4440 5998
1191 4328
5435 5822
4125 5055
3915 5721
836 6659
3369 3622
7881 8282
1793 3080
8483 8489
2714 6544
352 7105
2353 5018
2375 3989
7087 8307
6937 8450
1309 2973
112 4869
5852 7422
5795 8333
1012 4106
2487 7734
6604 6726
3266 7093
2466 8121
3486 7868
8071 8173
4023 8421
4579 4821
5389 7226
2037 3073
6553 6926
273 7730
3211 4877
5284 8370
1045 7573
6128 7912
7644 8139
4767 5831
4089 8182
51 3924
5707 8004
1365 2964
4627 6494
2984 3478
5450 6948
3465 5259
6575 8092
6355 7563
2359 8135
193 1049
2773 6371
4904 8340
3950 6626
554 789
1706 5071
1608 4367
5323 8161
8472 8482
3730 4528
667 2861
5253 7802
2380 7956
917 5479
4070 4279
4336 7725
3222 5073
1530 3618
116 1529
504 4183
2593 6151
8097 8399
3805 7407
841 7700
5736 5959
4470 8193
5419 5509
3332 7437
1661 5778
4856 6148
2727 6392
4404 8184
5036 7950
1467 4437
878 1337
5382 6700
7420 7552
7044 8447
4359 5308
4124 5242
4361 4768
1161 7417
5985 7523
2938 5666
1439 2323
7088 8077
1472 5678
2775 6524
3811 7910
2602 3416
4480 5355
1689 4292
6495 8016
536 8239
4336 6025
7021 8087
1828 6305
2142 5713
3007 3034
1590 6414
5519 7988
6350 6988
5797 6860
1242 7474
1576 6792
3144 6015
4636 6432
5377 6781
218 6210
8138 8321
5134 5886
524 8348
2812 7298
7060 7132
4453 7001
1593 3623
3739 6399
6658 8278
3359 8490
1544 3139
1788 2584
1219 3632
4980 8094
7400 7895
1147 2910
8207 8307
1613 5714
6916 7088
5486 5753
7683 8308
5958 6542
2284 4150
2074 2376
2833 3981
7411 7688
88 227
7728 8216
7975 8254
2902 3680
4016 5016
819 1148
2421 7781
1305 5129
7544 8488
62 7264
2221 5220
7375 7823
7339 7564
5208 5985
3950 7642
7716 8477
5627 6599
7832 8498
5857 6150
4472 8063
2824 5730
7203 7398
2202 4293
2072 3967
7313 8131
3009 7684
1314 3745
436 7412
6586 7051
1589 7085
2537 7899
2443 4429
518 975
5427 5879
2510 7810
61 5565
299 2594
3151 4102
7174 7518
5710 7283
8266 8275
1166 6998
1435 7240
5699 8452
5592 8180
5506 6404
5214 6268
6940 7330
2737 3591
8294 8402
8171 8484
6105 8096
3159 3734
3354 8091
1698 3345
7221 8083
418 3601
8447 8462
1059 4028
2908 7723
5105 5640
3420 7289
3662 5480
787 7912
7211 7548
4676 6852
5684 7448
909 2529
4510 5710
606 1778
3433 6933
2355 4999
303 4636
5423 5980
6433 6975
5999 8435
5861 8028
4134 6149
8084 8380
5965 6008
1970 5292
2976 4453
3631 7015
2820 4855
4759 7866
6511 7039
8220 8241
5201 5352
3000 8126
7843 8370
4069 4634
2939 4730
4440 6582
625 4935
60 496
3179 4918
5458 7264
1014 4546
7147 7878
222 251
594 7985
6164 6832
7049 7318
2284 3456
5248 7839
6694 6877
7071 7968
6025 7409
2564 7758
2230 2433
5385 6919
3265 3315
877 1161
3879 7240
1235 3910
5239 6223
5984 8478
2089 4023
6470 6557
6160 6891
5955 8031
5911 7053
5399 7675
5667 8321
4996 5018
7949 8388
1441 6473
1642 2024
3602 3799
80 8129
7560 7624
2054 5324
3403 3814
5494 6149
3342 3790
8463 8474
404 3798
7902 8296
1937 2680
942 6660
2068 3930
1192 7186
5051 5821
74 1024
3442 7483
5465 8266
5229 5685
1113 5675
6888 7493
4235 8454
6177 7677
3057 7825
4842 6624
4049 5397
1950 4722
7427 7656
4084 8337
3333 8503
2215 4261
7639 8151
8407 8449
1637 8468
1452 5407
6068 6518
2025 8475
8490 8502
8015 8184
357 4059
2665 4145
5052 5180
6077 7203
6584 8116
4919 6999
3489 6749
565 3963
3994 7571
5057 6602
8119 8458
3343 7691
5118 8279
8263 8335
222 3775
6787 7139
4418 7528
8061 8190
7976 8322
6349 6517
6654 6755
6157 6606
2984 5790
6842 8489
1632 6890
2959 3828
3317 4480
6788 8301
4368 7100
6933 7562
7579 7772
1484 4694
2614 3963
909 3515
4533 7404
4095 6236
5847 7690
2829 8389
7363 8253
437 3524
8002 8320
7361 8294
2047 7614
6384 7991
5904 7675
5840 7791
4233 4846
5833 6917
2972 3582
5288 6447
4805 8241
2601 8049
2814 5258
3541 3954
483 3999
6035 6897
7806 8126
6621 7282
6670 7176
2076 2549
1721 2493
8143 8454
7495 7824
1289 1576
1090 8449
55 6499
1233 2732
3109 6690
4188 6101
973 1562
5900 8159
238 8309
5304 6722
4925 5932
637 2174
2160 5600
734 5977
4767 5275
1489 3233
7703 8330
3715 6908
5375 8033
1325 8289
1409 6938
8112 8184
8142 8478
3352 5606
3846 7338
4792 6490
592 2244
4957 7244
5851 7847
92 5324
3922 6403
4516 8157
1296 2358
2915 8215
6365 6818
2556 4031
8336 8415
8432 8444
1946 6705
4607 8035
3493 4341
7089 7935
7863 8112
759 1710
7753 8496
1878 5709
7860 8231
326 2085
45 7548
6982 7292
5739 8045
3148 6506
843 923
2925 2950
8190 8213
4816 8360
2230 7553
5742 6514
8454 8501
3834 4922
6758 8235
6310 7615
6419 7762
3731 3774
333 5116
1097 8441
6108 8431
4341 6250
3234 5408
3337 3845
8416 8456
3705 5327
4828 5006
292 5834
865 7135
7673 8349
3509 4745
2799 3939
5980 7449
7552 7610
6795 7512
5881 7297
4080 6276
3712 7117
8302 8486
6611 7719
6153 7783
7910 8484
2661 4723
8344 8501
1248 3319
4958 7921
770 4750
8388 8445
8170 8390
1702 5116
245 6053
6272 6992
157 6841
6900 8110
7308 7826
5407 6991
2522 5366
7748 8323
6661 7752
7119 7462
7195 7651
7003 7369
3743 7327
2029 6743
5059 8404
5603 8024
7339 7368
6869 7462
3857 6749
4860 5526
4385 6439
8308 8477
7204 7434
6402 8162
6593 6724
8210 8506
692 3678
531 6410
585 6507
5973 8407
6744 7166
3262 7320
3161 7213
4806 5922
5999 7270
7886 8130
3476 4771
3903 4161
303 6579
4288 5138
807 8331
6946 6980
646 4649
5302 6260
5088 5669
4636 7040
7725 8330
2932 5199
1873 6208
1301 5502
5658 5805
6578 7853
652 2161
6884 7659
423 4437
4503 7028
4610 5006
3374 5428
1874 5082
7847 8473
7996 8007
5613 6078
1231 6109
6632 7444
1204 1708
1586 8386
2944 3134
4187 4841
7997 8067
1954 5777
3795 8189
772 2696
6414 7671
4107 4424
5598 6221
6044 6241
522 4964
1458 7863
8153 8498
3676 7219
4306 6699
1408 7645
7242 7360
4968 5205
1010 3566
6149 7503
6085 7190
3961 4695
753 5671
5722 6859
2978 3604
1056 7346
5726 8280
2734 6604
4275 5447
5110 6242
5729 7078
5543 7594
6292 7157
6426 6972
6822 8500
7489 8431
6494 8039
8448 8494
2586 3859
1652 7299
1843 4819
725 6862
4998 7671
2144 4327
3021 6884
4472 7835
2865 7623
8350 8481
1043 5772
2453 5813
1070 5186
4421 5032
6834 7279
5506 6259
3948 7734
6094 6601
4697 6606
1948 2760
5463 6390
7870 8150
694 2327
8252 8427
5514 7581
8487 8502
1843 5070
7835 7857
7223 8025
5339 6254
1996 7591
7024 7074
7809 8033
2491 2679
2248 2711
7240 7467
6473 7983
8379 8408
1756 2129
1270 7458
3448 6479
3465 5724
914 6984
7054 8402
6871 8025
1135 1947
2165 3307
1583 2690
1796 2182
1011 8362
6934 8283
3959 6911
911 3995
8201 8332
1647 6587
7345 8066
7558 8106
7467 8274
1413 8255
4445 5099
3241 7122
3524 7723
134 5453
4035 4266
6060 7584
2140 5195
2896 6316
5414 5438
6162 6392
1631 1742
4658 6474
5908 8301
5302 7354
5567 8124
4088 8208
6142 8210
5957 7752
7030 7721
3962 7992
6503 6984
1508 7997
7425 7879
4028 8428
3659 8262
903 4823
7470 7711
4352 6997
1778 2907
2227 5858
2907 6899
6231 7985
225 6042
1972 4269
6430 8356
1709 7825
5864 8067
7620 7846
8241 8258
6767 6964
5334 5392
231 7455
4250 6814
8438 8461
2298 2641
40 287
6437 7531
2108 2926
3370 6960
3586 6157
5377 8288
7710 8073
8031 8492
6233 6793
5012 6801
1666 8010
71 4638
5098 7083
780 7872
6770 7994
8391 8431
6366 8014
3241 8393
2602 7552
454 3239
7936 8290
3924 6413
7471 7512
2196 5947
8245 8303
8032 8372
7714 8471
1555 6112
5073 5871
7080 8181
3604 6056
6729 7313
255 8316
7043 7956
7387 7866
5542 8447
2162 2489
5525 6067
5889 7003
2725 2911
4378 7247
3491 5490
7925 8282
3878 8378
326 2732
1040 1864
5210 7823
672 7142
8411 8490
7672 7847
1278 2410
5671 6760
1961 5029
5604 5913
4191 6768
4911 6631
6505 8139
2600 5551
4960 5040
2790 6424
7705 7944
5844 5884
1777 8029
1038 1672
6702 7288
6360 7895
3430 6217
6082 6734
855 4559
1267 7883
3743 6121
194 6161
5520 8131
7959 8110
3396 5457
1667 7198
2398 3080
879 7721
7992 8387
312 3295
2494 6669
5500 7491
615 1303
4949 7622
5630 5925
6187 7885
7928 8114
1494 5318
8146 8343
7035 8451
526 4448
2195 2878
215 1456
3635 5571
4591 6000
5974 8281
6290 7991
4753 5165
3630 6417
8309 8442
2709 3587
5993 8455
7007 7398
6100 8025
7095 8176
7993 8135
7495 8052
4669 5694
6377 8126
8192 8498
3543 5623
531 3996
5230 6644
7699 8205
6956 7044
2978 7229
5038 6501
4213 4351
4322 7353
968 2784
4003 4530
7931 8434
452 3371
8158 8280
4963 7615
8443 8496
2280 3595
6660 6857
1377 6976
8122 8476
4617 5675
758 8256
5836 8239
2936 6925
5278 6224
439 2565
5986 6017
6122 7354
6278 6676
1932 7836
1662 8430
2273 7751
2595 6289
2531 2770
7348 8472
4926 7406
2940 4857
5080 6237
4992 5009
2564 4735
2432 3725
6506 6820
7491 7517

2875


