3162 6287
3067 75 888
22 21 225
73 77 764
3 7 21
393 379 311
453 469 456
2882 2862 355
1141 1124 67
320 324 1106
2495 2514 655
2602 2599 754
1971 1979 191
1687 1683 257
1203 1209 890
2375 2366 147
425 428 657
2344 2353 953
1429 1422 766
1776 1779 498
667 680 650
1530 1534 959
604 605 325
1253 1248 561
1434 1436 952
1377 1394 1133
167 170 1082
2454 2461 1152
2113 2124 799
352 350 399
824 833 904
1419 1421 912
1644 1646 828
2883 2863 313
774 761 1110
239 238 760
2909 2892 449
825 819 1042
2445 2448 122
2920 2930 470
1377 1371 1174
1881 1882 32
870 866 781
3046 3049 342
362 364 984
1126 1133 555
1276 1289 1158
1369 1379 93
337 335 1095
1022 1016 961
2843 2841 393
527 524 184
1093 1100 491
526 533 1050
566 578 382
109 83 707
2020 2027 859
1077 1075 466
732 728 877
1989 1986 1173
1814 1822 842
767 769 489
980 969 1005
2163 2183 327
1667 1671 427
739 746 491
489 495 714
1157 1159 6
319 323 66
1070 1072 54
1773 1757 130
938 939 211
1829 1832 583
699 702 823
2234 2248 701
11 13 392
1469 1487 1041
190 186 201
1130 1134 661
525 515 1123
2915 2916 593
1786 1801 564
657 676 705
2256 2261 145
480 474 778
1343 1345 1097
1554 1541 316
986 985 936
91 97 589
49 64 620
2715 2701 722
2313 2329 1124
392 396 923
1061 1059 811
2114 2118 1034
78 75 184
2888 2891 835
1305 1294 185
688 693 1177
70 85 121
2858 2856 838
728 726 386
601 610 936
1127 1142 582
2823 2813 187
225 232 956
1478 1481 412
390 384 858
1827 1813 819
2509 2507 576
826 834 548
592 581 714
2423 2439 1093
2471 2491 937
2185 2193 53
1440 1442 532
592 605 461
644 633 741
556 557 300
2272 2275 42
1346 1341 920
903 907 40
1506 1516 814
1302 1311 618
1594 1595 816
1706 1701 854
88 90 1160
1760 1763 556
552 545 681
483 493 984
805 806 888
7 6 1092
2159 2168 1139
1260 1258 41
2496 2495 443
1960 1950 948
2107 2106 565
2311 2302 922
902 907 270
3099 3103 848
155 144 516
1362 1365 1103
2618 2622 131
2789 2788 470
1900 1880 45
81 76 484
2897 2891 781
186 180 1146
567 566 1096
2883 2864 531
1667 1674 150
74 76 214
636 648 121
243 255 839
176 183 846
2472 2467 304
105 107 1031
2888 2893 721
1595 1604 751
2756 2754 821
1398 1399 313
115 114 603
230 229 586
2941 2957 472
7 11 309
95 96 1119
2619 2616 580
727 723 736
2718 2720 676
1600 1616 314
877 895 128
1187 1189 97
1423 1416 1156
1083 1070 620
1619 1622 1176
1897 1877 587
1227 1244 454
448 443 201
849 860 227
2403 2414 877
423 434 1196
1206 1226 1126
2102 2115 758
3040 3035 169
568 575 891
1111 1106 822
369 365 928
560 558 947
2784 2768 367
104 105 138
2175 2193 1181
897 898 930
1485 1487 567
2260 2248 560
2600 2587 1019
1784 1768 1005
884 886 952
293 289 1030
1530 1541 134
1208 1213 334
443 444 191
1914 1929 948
2697 2709 976
3062 3048 17
2301 2284 1174
2063 2065 775
127 130 982
2281 2262 275
2764 2746 911
1539 1544 27
2462 2443 1198
1203 1221 1061
1200 1192 637
1798 1799 454
2630 2632 466
2358 2361 969
962 961 1024
331 320 60
2582 2588 518
2908 2900 1186
455 439 83
1046 1044 974
1629 1609 133
134 148 521
1126 1125 1005
283 279 351
430 443 1177
2734 2739 868
1561 1548 1198
2714 2713 1153
410 393 821
843 862 588
395 383 245
1843 1840 824
732 722 116
2185 2165 113
506 505 1107
2309 2314 18
1865 1863 55
2310 2309 1121
2933 2935 999
1930 1940 1181
1820 1823 508
2545 2533 162
1762 1778 121
1211 1221 233
987 983 177
3120 3131 1145
663 665 810
2548 2542 983
3085 3086 771
2544 2541 569
2862 2874 860
1061 1054 668
1234 1231 794
1087 1088 83
1171 1175 645
618 598 302
1591 1611 90
1055 1047 740
2746 2751 312
1714 1699 1167
1519 1523 789
2657 2651 295
1166 1174 828
1065 1057 1117
2875 2864 842
1137 1121 1178
913 897 189
213 210 416
1795 1794 975
807 815 800
947 940 1084
169 171 683
2859 2873 586
2679 2675 775
2753 2739 1085
2994 2999 850
2129 2123 1016
298 296 914
456 441 158
2234 2244 222
148 136 110
1538 1537 54
1794 1803 376
438 454 1171
2536 2551 542
1079 1082 1172
2736 2732 559
2844 2840 508
1306 1315 394
2888 2886 697
2771 2756 264
584 589 34
1210 1211 180
66 65 697
1870 1850 200
1730 1734 411
2329 2325 41
1092 1078 259
2951 2966 1054
1620 1618 269
584 585 253
2029 2024 539
1852 1851 682
112 92 264
2664 2670 349
773 759 762
887 867 679
283 271 806
487 475 1132
144 147 494
3085 3090 458
1879 1898 383
2512 2508 407
2859 2877 589
2649 2656 485
382 363 398
1231 1247 524
536 531 269
1917 1920 559
479 491 61
1309 1310 1066
295 294 722
173 178 254
501 504 647
1945 1939 121
1191 1194 777
877 858 539
2574 2589 764
1354 1356 1112
1297 1299 798
654 664 335
1355 1337 748
1429 1427 181
2300 2298 528
849 841 806
2963 2943 257
906 910 744
305 302 294
1422 1432 385
1552 1533 119
2091 2094 631
1666 1671 329
2876 2871 960
547 551 354
2139 2121 387
1283 1286 366
2237 2249 595
902 889 386
1138 1132 728
1300 1292 887
1428 1432 156
1123 1140 759
1431 1416 316
2873 2863 650
2851 2855 384
1551 1550 741
1430 1439 565
1969 1952 741
142 139 15
2614 2611 1008
921 937 1
1268 1274 143
2153 2162 580
2311 2330 733
1701 1699 474
629 644 676
2039 2041 92
1476 1477 679
2149 2131 358
753 749 235
854 874 100
331 336 1086
1744 1762 871
2030 2044 194
2448 2457 1095
1547 1541 752
595 577 846
1232 1228 942
2444 2443 660
1383 1382 373
1799 1804 345
1029 1032 137
2740 2739 805
2474 2494 309
2868 2867 864
789 775 126
1788 1776 693
344 334 662
1315 1309 1168
967 979 1116
1702 1701 698
1449 1452 691
2580 2587 153
1540 1539 640
1677 1682 860
172 173 867
1772 1755 305
721 704 119
2949 2951 910
1475 1457 499
3043 3039 890
642 650 838
921 916 1066
1985 1971 1012
1646 1660 1079
970 971 212
1622 1626 921
1818 1815 1102
1741 1721 687
1620 1633 42
257 240 1167
2145 2144 580
896 884 426
304 292 726
1163 1170 426
994 996 806
2049 2069 168
306 301 394
1341 1345 941
1557 1565 996
22 36 1014
931 929 430
1506 1496 490
1505 1506 851
1526 1518 584
1257 1240 487
79 102 293
1917 1927 624
2467 2456 531
464 449 879
2957 2939 846
2401 2389 486
780 788 297
3069 3077 167
468 456 265
2222 2219 292
396 383 125
943 936 768
3141 3129 295
1016 1021 158
2759 2764 1176
238 237 428
2318 2316 734
1386 1390 504
1553 1564 1031
232 245 1015
1877 1886 6
989 1005 706
1459 1458 1025
199 205 104
1249 1236 555
1643 1642 264
1463 1456 176
2203 2207 501
876 868 896
1459 1453 1023
949 946 866
2062 2058 975
951 958 665
1419 1426 980
360 380 712
888 894 662
573 554 173
1150 1144 649
291 298 602
2637 2657 44
1291 1273 856
1029 1048 61
1465 1474 431
2887 2906 714
1110 1118 980
201 200 1151
1063 1069 1006
1689 1690 645
2157 2156 314
13 18 727
1373 1372 664
1596 1602 924
2382 2377 78
2369 2380 881
145 135 1144
2856 2870 145
1373 1369 519
1394 1392 471
790 771 128
1841 1835 722
594 583 13
1281 1272 286
3134 3129 830
1643 1645 688
707 706 359
1322 1316 105
288 300 1122
224 221 616
1201 1202 692
2134 2131 62
316 323 973
1460 1477 918
2356 2357 877
1887 1878 802
1647 1649 224
1939 1924 478
2522 2539 280
73 93 984
272 277 794
1281 1271 642
144 148 194
2637 2641 430
996 1008 1011
2580 2573 281
895 882 884
1325 1333 161
1535 1533 678
1929 1924 101
59 52 628
14 8 720
2878 2881 1189
2777 2769 1139
1610 1606 157
3016 3031 548
1274 1258 391
352 333 90
277 266 589
1165 1169 653
891 904 753
2215 2219 1028
1024 1004 161
3079 3076 869
2137 2141 665
2590 2591 658
2177 2170 397
769 780 111
1476 1480 1128
660 658 1077
719 739 803
669 668 1152
1663 1665 778
169 150 64
95 98 12
2315 2296 825
973 976 758
1263 1268 1023
487 486 817
2503 2506 160
730 728 728
2851 2850 133
726 732 1092
504 517 1089
1413 1406 16
1381 1366 537
1609 1603 719
1951 1949 662
1631 1627 84
281 287 275
1457 1465 533
1582 1580 478
652 648 310
495 488 1175
1085 1072 902
69 61 288
2701 2695 433
315 313 268
309 310 123
348 346 1032
1792 1785 508
1822 1823 811
1798 1804 957
405 406 204
2609 2612 743
584 601 615
2464 2465 1166
2320 2316 690
1968 1964 713
517 502 645
145 154 936
2897 2884 793
1260 1275 616
1695 1700 479
641 625 697
442 438 563
2385 2399 937
2974 2978 918
2360 2368 844
1768 1770 1177
998 1000 518
2701 2696 97
2394 2397 1182
417 423 950
1014 994 1195
454 436 322
62 63 779
329 315 1183
19 25 612
1106 1098 330
1675 1670 463
1376 1384 346
2569 2570 341
969 966 1079
416 421 373
2879 2877 744
2251 2243 359
333 328 1100
1304 1285 240
933 936 220
1717 1727 413
1874 1855 296
422 424 572
917 914 272
2182 2175 515
1538 1526 383
1953 1948 518
1028 1017 434
2284 2278 928
51 46 976
1621 1617 551
782 781 1133
1723 1741 155
714 734 670
2051 2058 482
2026 2028 1084
385 388 1093
2693 2708 467
2809 2828 773
1152 1155 1039
444 433 61
2692 2697 764
1298 1317 444
976 963 622
1357 1360 844
1402 1393 271
1027 1037 455
417 437 356
1405 1398 538
2115 2112 140
718 723 423
1420 1414 589
326 333 23
1162 1167 525
510 521 203
2472 2476 194
2056 2044 462
286 275 640
2502 2505 591
1225 1219 554
1779 1781 428
964 948 778
2099 2096 870
1021 1018 684
1563 1561 391
2877 2881 1042
1616 1609 789
579 576 882
604 599 1140
2543 2545 637
2100 2097 917
255 237 712
1528 1540 176
759 762 916
2991 3011 680
953 954 1028
31 30 1035
1583 1579 374
912 920 671
1329 1324 682
997 986 408
2269 2287 1151
534 523 740
3145 3144 1021
1039 1043 931
1823 1814 875
500 513 216
2384 2399 713
3021 3020 1125
2186 2199 776
2200 2201 932
503 500 1055
101 78 1000
1290 1291 233
1094 1084 22
638 640 559
2940 2927 572
27 19 44
964 963 421
1115 1113 87
1609 1613 87
643 628 129
908 928 826
910 904 1168
1850 1849 171
626 642 568
762 775 201
997 1004 1110
600 605 837
582 581 469
933 942 757
180 172 418
330 337 102
1034 1026 1012
771 752 886
246 242 1170
2143 2150 831
936 940 326
413 407 945
665 670 793
1252 1253 943
573 558 1042
2613 2627 321
2879 2889 531
189 188 33
2410 2408 371
580 569 613
3032 3017 162
1216 1235 315
1650 1651 112
3043 3060 1126
2033 2034 144
341 330 57
852 853 505
2706 2694 598
1364 1363 811
1013 1014 1028
1905 1891 70
1669 1670 935
149 150 120
2198 2194 532
2537 2536 528
1575 1574 1067
1987 1988 460
1226 1244 370
491 493 193
1556 1539 664
901 899 1019
1134 1122 704
2846 2858 382
1269 1254 990
317 311 557
437 441 1031
781 780 231
1151 1133 632
940 949 873
2074 2079 1086
264 263 810
1264 1259 874
2640 2632 903
2191 2188 147
588 597 479
2507 2527 839
431 411 375
1249 1239 496
2872 2870 929
276 279 300
1282 1281 1192
1706 1703 705
554 569 200
1772 1774 42
1103 1095 917
2731 2729 545
1173 1166 511
1349 1329 439
2833 2836 179
1670 1664 800
222 239 161
2419 2420 629
2573 2572 78
663 657 283
2493 2501 616
2398 2379 415
2130 2131 313
2449 2452 455
2985 2983 727
2943 2941 523
1238 1221 174
1388 1385 875
1351 1353 28
2784 2782 519
447 446 971
270 271 1067
2700 2708 748
603 606 1160
593 602 964
1196 1178 107
1445 1441 653
2286 2283 1030
1210 1190 109
52 51 425
735 741 1141
659 665 703
23 36 1021
546 545 980
1586 1596 162
904 913 601
574 575 1033
3104 3099 862
2435 2429 664
1189 1191 935
133 116 105
1386 1385 620
2432 2441 453
590 586 1027
1673 1656 469
1299 1316 471
1227 1230 968
673 672 678
258 277 686
166 160 301
1600 1613 233
137 122 239
2345 2348 134
2319 2323 23
2703 2704 1026
106 107 127
2225 2221 151
1447 1459 191
2665 2674 863
772 792 957
1815 1820 285
935 915 1022
813 810 1188
1408 1394 1167
1771 1758 229
3025 3022 292
2775 2773 96
2800 2791 902
967 974 118
1027 1029 767
1237 1256 1081
2131 2139 186
29 28 1131
1418 1421 1134
1947 1945 606
2248 2249 731
1844 1840 538
1573 1568 335
2440 2431 1139
1257 1261 803
1803 1799 51
1283 1285 520
1117 1113 627
63 65 220
1337 1344 787
1918 1914 1101
3011 3010 450
950 942 891
1654 1644 641
2897 2910 367
219 222 452
1806 1805 149
919 923 643
1550 1534 756
2355 2352 573
1090 1093 1053
1548 1552 196
2166 2160 907
1571 1569 1194
1847 1853 772
1230 1247 647
2111 2124 347
2241 2258 452
3035 3015 897
271 273 993
2264 2266 162
2215 2225 1165
851 833 572
700 705 218
1509 1517 875
1009 1003 1084
1182 1202 979
307 309 1175
1942 1928 258
2437 2420 70
655 662 699
2066 2070 1023
432 430 1039
1227 1210 663
1356 1338 910
3118 3121 624
1068 1070 489
2130 2125 763
1006 997 371
734 733 757
1624 1632 1199
1518 1519 214
3070 3072 299
2724 2741 173
2793 2795 781
617 614 494
2555 2564 912
3047 3048 377
415 409 144
679 699 372
3030 3013 551
2530 2542 187
2321 2333 796
2291 2296 524
2620 2604 1048
1318 1327 774
533 537 834
861 867 645
2905 2916 771
890 889 581
1268 1276 964
325 306 151
2642 2643 341
2365 2379 752
1890 1873 55
623 618 488
529 525 628
551 553 1196
1944 1943 958
1785 1787 669
1657 1641 470
2805 2811 1096
196 176 185
1126 1142 795
1289 1286 975
945 936 307
1513 1515 296
2141 2142 975
1302 1301 219
2167 2165 560
1793 1796 525
1422 1438 574
283 273 72
2 1 629
2890 2907 1013
1351 1331 568
2018 2006 309
1941 1927 87
733 724 980
2780 2794 623
2227 2228 287
2376 2369 209
1 6 7
2244 2249 842
2705 2704 249
1461 1466 1045
2019 2014 187
2116 2098 355
1541 1529 1077
1496 1492 806
2521 2519 823
879 878 600
2101 2105 1133
567 553 849
100 77 24
2380 2395 358
1259 1261 545
971 972 1103
3069 3076 1110
1694 1696 1047
218 221 1031
1567 1565 36
2690 2691 609
2039 2024 968
193 202 287
1370 1380 116
1506 1507 1095
140 156 698
184 192 833
2821 2817 9
1181 1180 981
2321 2326 160
2771 2765 193
484 466 87
729 714 120
984 987 162
1246 1228 1009
1582 1586 922
595 602 160
1722 1704 313
1031 1038 569
1952 1955 105
1276 1263 272
2331 2330 526
1845 1842 434
3088 3092 1137
2615 2634 395
925 928 625
2895 2899 1188
2044 2048 844
2294 2290 1139
2605 2594 334
2990 2972 512
709 700 265
2761 2747 12
355 369 1166
308 298 213
223 219 1118
334 338 150
2164 2158 512
3143 3152 1182
1355 1354 186
2549 2529 452
3065 3072 748
1566 1573 87
1324 1326 54
1056 1049 875
1133 1138 838
1804 1796 553
894 875 575
2405 2403 563
1076 1072 613
865 869 706
621 634 1004
667 685 923
2659 2679 882
3011 2994 1147
1633 1639 1014
2211 2204 490
591 589 1046
1203 1185 968
289 295 1178
1713 1693 684
1733 1736 755
1824 1822 1156
1970 1962 285
571 568 410
1775 1791 473
1688 1693 126
2037 2018 862
3041 3060 314
2778 2782 929
1537 1536 1038
788 785 578
3034 3031 1159
564 565 662
2923 2928 622
1727 1720 352
43 53 411
2343 2357 560
2534 2529 666
1790 1797 821
660 662 746
1811 1813 661
2352 2354 682
2866 2874 551
646 645 896
663 659 1046
80 101 456
2020 2015 52
1827 1812 237
955 960 361
2230 2221 1064
1544 1545 1056
2286 2285 1105
2811 2831 1113
1494 1498 233
462 444 219
2668 2660 320
691 694 158
1213 1207 457
2499 2500 540
2334 2335 53
781 792 769
1018 1012 917
1728 1726 63
1532 1523 205
250 236 812
3085 3084 390
2275 2276 475
2625 2621 801
720 732 36
670 662 1109
2081 2088 596
863 867 32
753 761 551
3123 3138 898
2937 2939 612
2688 2668 890
698 697 761
1241 1258 1028
1212 1214 908
2433 2434 1188
1848 1835 296
2006 2003 852
114 97 42
700 696 230
707 705 165
1691 1686 752
969 973 703
1466 1486 497
654 656 194
34 30 675
3004 3005 617
293 292 1151
2662 2664 171
2109 2112 769
2835 2841 123
1705 1703 1169
519 512 1022
823 833 151
1885 1884 476
3070 3057 856
2983 3002 651
2475 2478 1181
1818 1816 285
193 213 251
3115 3114 965
2105 2111 881
1728 1711 365
1361 1374 240
1115 1104 310
3135 3115 875
794 799 486
2162 2161 470
1741 1738 1178
1219 1215 640
891 879 779
1030 1021 707
902 914 411
962 977 165
2276 2272 65
835 837 145
1811 1829 668
2324 2328 1184
1032 1026 864
1938 1942 1200
2 7 669
2655 2658 447
310 327 1020
1446 1447 622
1786 1781 530
859 860 626
1358 1359 543
2577 2593 979
1105 1116 713
1697 1700 907
2306 2305 687
1838 1839 582
1295 1292 849
234 216 503
2699 2711 1006
2634 2646 374
162 168 34
670 666 998
1152 1147 275
1247 1245 8
3082 3087 868
1352 1334 665
2829 2828 410
1684 1674 706
1357 1363 1163
1880 1891 591
2220 2222 628
754 751 154
2943 2944 76
1303 1306 422
1994 1982 886
74 72 968
2083 2077 109
1353 1356 266
2077 2075 656
345 325 1005
2430 2450 917
1342 1334 443
788 789 629
1443 1444 257
1150 1153 510
2840 2847 57
1184 1182 615
1185 1168 926
1303 1297 664
725 740 310
3002 3004 467
1476 1482 660
1623 1632 1006
1553 1558 199
2057 2063 480
698 678 411
835 825 29
1379 1388 536
678 679 372
1244 1228 1156
1729 1710 725
386 388 376
2549 2550 757
43 49 743
248 260 679
399 400 965
605 610 574
1133 1123 873
1335 1327 1021
1448 1444 1034
2013 2010 321
793 773 75
1267 1262 51
1621 1619 834
1764 1777 744
137 123 795
851 848 1159
756 772 391
1472 1483 933
1859 1855 1181
356 366 1008
2207 2198 351
861 855 337
2889 2907 446
2065 2067 246
1359 1360 488
123 121 135
1345 1340 528
3127 3123 1105
1552 1546 934
661 658 342
1569 1570 123
2865 2862 1064
595 596 1182
1907 1893 836
1730 1724 132
466 465 1138
820 811 37
41 43 1058
2012 2018 340
2559 2558 635
2435 2418 570
840 829 1122
1294 1302 721
1239 1240 460
755 775 885
1377 1368 110
2520 2527 692
2061 2045 251
1152 1156 941
594 580 27
3118 3117 646
359 368 813
404 402 517
411 413 410
1868 1872 690
451 460 287
752 744 854
2470 2480 205
332 326 874
1436 1430 435
1233 1253 973
959 962 944
1195 1193 136
2022 2020 1186
2025 2015 3
158 145 986
970 984 818
1782 1767 1025
1528 1529 1021
1962 1944 780
947 941 655
1408 1427 346
1411 1430 494
1976 1972 104
1011 1004 943
858 847 327
443 456 752
1175 1177 579
3110 3102 264
2497 2504 499
1567 1570 117
2537 2519 517
1625 1632 536
644 646 512
940 939 580
2822 2814 625
1959 1962 981
2161 2153 92
712 711 432
1840 1857 671
1639 1642 712
1138 1137 481
2263 2259 204
1270 1277 227
2039 2040 251
2435 2419 202
1424 1419 313
1024 1012 713
1198 1216 82
457 469 1002
245 248 979
1080 1081 470
2017 2012 1109
990 1005 428
693 691 1101
1241 1249 1057
1390 1378 603
863 883 112
3022 3027 219
2207 2223 503
1043 1042 500
1867 1869 785
1696 1715 441
1769 1764 199
2182 2179 614
738 729 1188
853 854 539
42 31 228
2322 2335 962
324 321 317
1173 1188 834
2561 2562 602
238 243 220
1922 1938 787
1462 1467 1088
917 915 87
2620 2607 1059
824 817 1102
2364 2370 941
531 527 1100
820 827 101
938 948 477
1643 1638 375
2372 2370 841
1432 1429 1035
198 217 999
2269 2270 516
1238 1254 998
2595 2602 335
1062 1063 188
563 562 415
3071 3072 76
1811 1810 370
717 731 202
1102 1094 917
2212 2224 226
2647 2648 147
60 68 285
684 681 668
2046 2052 748
194 199 728
1707 1698 722
772 757 1070
2318 2303 615
853 857 1104
1060 1069 652
386 385 510
1665 1673 467
1026 1030 436
2332 2335 220
2503 2510 480
1545 1536 528
1421 1408 1086
2413 2417 532
402 403 799
1453 1437 782
633 627 1135
2572 2561 229
2206 2208 1124
2995 2991 956
230 225 435
1597 1615 911
2438 2429 890
2208 2211 729
334 331 770
2802 2806 93
2812 2832 428
1576 1574 1125
2247 2249 170
921 923 101
924 932 676
1521 1524 173
2305 2298 836
1288 1290 1131
234 249 46
340 343 1117
1366 1374 299
946 951 939
623 625 954
2836 2824 1104
1240 1251 1033
1095 1090 200
15 8 1024
2760 2755 136
1624 1604 833
2926 2914 724
1326 1325 906
202 201 281
2961 2942 1106
1637 1632 2
386 404 1088
966 953 828
241 227 305
479 483 910
2641 2650 1039
1036 1037 390
1598 1606 107
257 259 1098
3142 3140 758
1451 1455 446
359 361 471
2078 2071 850
2997 3002 959
1554 1536 544
2153 2155 88
988 991 541
1208 1201 41
1064 1083 538
216 212 122
2124 2122 795
1267 1271 1138
1581 1599 651
1571 1555 114
2060 2055 261
1912 1909 1030
3073 3068 414
1077 1073 91
1367 1368 1162
1259 1263 745
1055 1052 240
2903 2905 146
1753 1769 422
498 481 331
1989 1996 531
360 358 274
899 887 192
61 62 486
2867 2872 805
2024 2037 133
1385 1384 585
452 449 253
1383 1393 1057
2501 2504 297
2342 2329 502
2717 2710 572
583 587 761
390 399 125
1657 1677 981
1860 1864 961
178 187 142
938 919 698
760 778 706
744 743 292
4 1 944
10 4 726
1899 1917 361
96 91 717
911 896 337
1711 1717 1150
1271 1257 857
227 223 707
3125 3138 1011
2265 2263 967
1910 1911 570
957 971 20
1512 1508 834
3078 3074 378
373 372 289
1114 1112 219
2224 2210 1115
2920 2911 1014
2562 2560 694
2705 2703 302
467 478 662
1636 1628 971
1727 1725 789
1484 1492 893
742 745 396
1285 1297 593
1583 1590 1114
2390 2384 382
1694 1699 434
2435 2417 455
2608 2615 462
2946 2947 1100
2221 2219 242
1219 1222 423
398 406 658
2806 2804 190
1784 1791 833
1437 1436 241
158 159 139
2232 2221 466
1056 1065 244
653 633 1088
2529 2544 109
2632 2644 907
2287 2270 876
1039 1035 317
2722 2725 806
1144 1146 281
1580 1578 1101
2522 2525 647
104 97 1169
841 847 55
440 426 363
1002 1006 232
510 509 794
901 892 1198
1805 1802 718
1304 1303 1121
2127 2119 594
1141 1122 1160
652 649 545
490 488 481
451 467 1060
903 906 1092
2759 2761 27
3116 3109 126
1024 1028 467
106 97 495
1096 1106 1183
2010 2017 760
1257 1262 557
1207 1206 934
1458 1475 241
2422 2436 826
2441 2428 1137
1667 1687 1168
354 357 177
2860 2863 1166
1029 1031 213
2178 2194 618
1101 1097 285
2042 2045 15
2919 2924 390
2341 2330 367
2646 2656 459
3134 3124 483
2837 2838 302
1385 1392 1138
2318 2333 1129
838 839 1077
836 837 166
1433 1429 831
2004 2003 8
1604 1610 156
2347 2335 320
1754 1751 693
2899 2898 756
2514 2507 121
2237 2230 923
699 704 1005
1979 1959 961
2386 2391 1107
497 482 448
1845 1844 214
708 722 222
2274 2271 979
2631 2628 88
79 84 307
2733 2735 925
1808 1806 1070
1882 1900 243
2520 2539 876
853 869 693
1525 1527 786
1352 1353 413
1852 1847 772
2835 2834 873
2067 2083 369
1627 1620 338
1555 1559 1125
403 406 16
2592 2572 122
1213 1204 521
2053 2036 583
821 820 1115
458 472 240
1710 1709 828
499 487 926
2167 2171 384
1040 1050 608
1009 1008 1134
1977 1979 931
2612 2611 910
2021 2029 933
1283 1279 1175
1571 1568 964
3013 3019 504
690 688 399
135 128 285
1648 1650 152
2994 2993 357
913 910 1089
1823 1804 129
267 255 959
1226 1208 681
1992 1998 557
698 689 992
1505 1508 887
621 637 824
313 309 263
1311 1309 266
1610 1611 16
799 800 604
1984 1967 156
197 217 489
631 633 816
702 703 464
486 493 839
1764 1761 802
2898 2914 971
1184 1179 1041
1516 1509 190
2078 2079 439
2716 2723 773
2457 2461 954
1615 1616 23
1080 1085 650
4 2 955
3126 3132 1192
1880 1888 60
838 858 135
2876 2875 1125
2029 2044 219
1411 1409 223
1000 988 453
1040 1034 538
772 753 819
870 871 732
785 781 14
274 259 850
1831 1829 727
2690 2683 670
1538 1539 466
1682 1685 308
608 612 827
1221 1201 856
2415 2409 1193
287 288 675
1987 1995 293
1690 1693 833
3055 3047 884
2456 2471 971
492 496 477
2789 2777 98
26 38 159
1579 1576 685
2976 2978 740
549 567 1176
1520 1513 1116
1393 1373 1047
1939 1919 773
2734 2737 1013
2167 2172 775
1409 1415 387
1642 1657 320
1786 1784 595
1296 1300 422
1836 1820 516
723 733 839
980 994 51
941 944 927
1112 1119 175
1592 1595 939
676 674 152
1238 1220 391
601 602 1033
1961 1954 210
818 809 204
2436 2437 1140
904 922 964
900 890 593
2445 2440 572
1921 1916 1052
2882 2879 1108
37 34 59
2616 2613 363
2946 2930 650
2631 2635 1183
1535 1552 928
1089 1081 917
1991 2002 617
1826 1819 1163
2413 2421 34
409 401 443
1654 1652 173
962 960 872
549 550 764
3063 3046 611
236 221 1169
2272 2288 1048
2069 2051 238
1149 1146 759
926 931 162
118 119 455
1467 1466 327
471 474 569
2599 2601 985
1487 1488 563
2407 2419 356
548 553 611
2723 2729 870
2231 2242 239
2599 2598 214
1323 1332 36
1026 1022 253
2005 2001 1118
1484 1504 1138
923 906 533
1438 1439 255
904 912 782
1830 1814 1002
2941 2942 1019
2015 2031 1126
895 906 464
922 928 1078
32 44 805
1753 1754 667
471 485 597
131 123 273
2712 2698 679
2336 2340 78
2544 2532 310
2090 2082 752
2540 2526 410
206 208 762
1248 1235 479
2128 2115 86
1721 1718 1033
1756 1751 85
1997 1991 311
2187 2184 856
1176 1177 828
879 890 946
1645 1653 288
59 60 356
3099 3095 272
3102 3113 570
180 181 869
1403 1408 1169
1949 1946 726
3128 3136 350
885 886 749
65 50 231
3063 3050 643
2792 2779 363
3020 3036 1136
1911 1912 858
2448 2465 265
626 631 559
832 833 47
2338 2341 795
631 647 495
2676 2670 727
2000 1988 636
1878 1898 481
2220 2218 1124
682 678 3
2396 2397 1186
2979 2962 185
1320 1332 383
2353 2347 589
197 196 348
1412 1415 792
1102 1106 657
2995 3003 1097
2525 2540 1178
2968 2971 240
1884 1879 283
1759 1739 899
2817 2797 193
2955 2956 996
2487 2489 29
673 676 293
933 939 804
2197 2191 1156
896 906 898
2675 2676 273
2396 2383 777
3097 3091 223
1244 1243 1024
1797 1804 355
1911 1913 646
2426 2424 995
2480 2496 504
1540 1531 661
1879 1886 993
1217 1234 681
1936 1935 883
133 115 815
1458 1461 647
1093 1082 1047
1938 1933 382
2474 2479 806
1702 1692 714
2916 2902 469
497 492 1044
2522 2526 1108
1288 1279 894
1050 1045 1174
2251 2239 801
1167 1164 1161
2904 2886 972
200 220 1103
997 1014 37
1362 1375 873
859 856 741
2460 2447 618
1284 1277 814
607 613 382
1493 1489 390
2682 2678 271
2191 2200 139
1930 1932 256
1764 1766 908
2339 2336 839
83 67 920
795 808 786
463 470 428
2345 2351 612
464 455 1059
1491 1488 806
1580 1591 79
99 101 274
2198 2190 618
143 156 1169
1288 1289 640
918 916 346
2002 2009 175
2871 2854 456
710 724 148
2203 2222 399
1676 1668 1112
796 799 829
1121 1123 75
1094 1083 611
2344 2359 940
738 736 45
3012 2996 176
2095 2097 121
1729 1723 935
1605 1603 631
2576 2577 984
307 293 1011
1532 1541 633
2388 2400 292
3037 3042 458
1325 1322 1051
442 424 120
954 955 984
818 815 1049
2565 2554 255
2683 2678 801
1746 1766 274
2437 2445 1085
2940 2936 599
1964 1981 135
803 791 329
691 695 1077
2106 2113 183
1572 1574 554
2175 2159 901
1858 1860 974
32 29 519
2654 2674 361
1455 1448 781
2677 2675 159
414 421 852
399 417 342
3110 3111 785
2327 2323 630
975 974 128
2608 2625 732
263 259 1077
2259 2261 170
185 175 546
21 13 303
2397 2381 112
1902 1883 548
883 882 475
689 685 197
1570 1575 555
8 1 385
2609 2596 681
1287 1289 452
2023 2025 1029
25 22 725
1747 1751 878
2625 2622 374
1108 1110 419
1182 1185 318
3140 3139 197
1229 1230 82
1466 1465 617
2102 2110 902
547 539 323
1262 1266 312
191 176 683
626 624 511
2083 2080 898
278 263 229
1434 1445 420
427 420 945
1626 1625 498
390 370 25
292 281 269
2695 2700 176
2914 2913 154
1635 1640 811
48 56 217
2553 2567 437
1197 1202 301
3015 3014 1087
690 693 480
2188 2195 78
979 981 283
85 94 211
927 928 207
1727 1726 619
302 303 718
279 282 436
1143 1147 495
2450 2448 139
1225 1223 33
1354 1352 122
2182 2178 879
561 576 106
1794 1792 1191
2547 2543 587
2665 2664 881
2753 2738 960
1566 1564 46
1597 1598 1081
843 844 475
2047 2048 1016
291 301 455
2542 2543 227
2279 2284 99
2271 2280 251
388 406 291
2255 2235 476
246 265 441
1861 1860 1066
266 259 197
86 83 663
679 664 908
1278 1292 347
2987 2986 678
995 983 642
1862 1868 83
1099 1107 676
1937 1945 140
1269 1253 856
1503 1501 347
2084 2087 236
2785 2797 936
2819 2815 1158
2782 2786 693
2928 2922 541
476 465 882
2663 2655 165
609 598 1035
3075 3080 231
1275 1287 669
2487 2488 522
2726 2716 406
3028 3043 71
914 912 1094
176 175 11
2870 2874 927
2264 2262 489
2017 2022 97
1100 1081 151
2210 2213 1084
1308 1328 996
495 482 113
2030 2032 190
2930 2941 470
1703 1721 1193
1314 1305 54
1815 1830 816
552 544 883
1086 1087 854
2736 2749 876
1446 1453 901
154 150 880
1542 1554 769
316 328 950
64 57 1048
3049 3054 377
1554 1564 50
856 871 515
1411 1418 946
460 470 857
410 429 162
1433 1435 30
2409 2427 711
706 709 1041
2371 2376 865
987 1004 224
1502 1510 381
1096 1091 776
2456 2469 843
1722 1742 1017
2649 2669 2
1440 1447 94
2673 2676 842
1331 1335 1178
165 163 155
1686 1672 409
889 893 171
3086 3076 993
3053 3063 705
2222 2206 1197
1961 1950 755
1343 1333 310
1209 1189 780
1659 1652 482
560 542 410
1170 1181 509
1355 1362 69
1827 1809 290
2780 2781 61
1392 1389 126
1180 1199 792
2280 2300 1189
1750 1749 769
2950 2945 451
1265 1279 1080
985 971 311
3067 3073 12
606 598 545
1486 1498 573
2331 2329 406
2356 2354 759
1656 1661 733
1151 1136 964
1805 1801 89
1456 1475 1174
2790 2787 279
305 311 261
2524 2504 941
3103 3095 508
2617 2608 946
1964 1959 13
2741 2728 584
485 497 37
916 899 242
1671 1662 973
2814 2818 1148
1318 1307 98
1041 1042 1054
1371 1372 150
643 627 112
658 648 1051
1841 1846 223
1047 1053 626
231 211 1193
433 414 1174
286 281 50
1743 1724 1012
2686 2691 1084
2103 2087 1046
948 959 565
1946 1957 966
1278 1276 452
1243 1260 1198
1084 1089 805
2408 2428 707
524 533 642
1085 1081 508
762 758 529
1858 1862 583
1065 1055 33
2762 2763 177
2399 2387 771
2808 2802 46
562 560 184
976 956 270
918 937 1100
1638 1641 479
1021 1028 988
67 62 1093
1362 1358 856
3006 3003 100
1257 1265 464
1637 1640 801
2616 2636 316
2905 2906 1000
93 92 673
206 205 976
31 28 629
215 210 1058
1248 1266 501
905 907 408
2804 2790 46
1015 1002 410
2531 2546 849
899 893 77
2680 2677 1025
1143 1145 278
1060 1061 399
849 865 1165
1589 1590 1020
1999 1994 902
518 537 12
517 506 933
2963 2962 734
1916 1915 833
2462 2458 721
289 272 413
1205 1209 180
1471 1487 579
1450 1448 110
2 66 343
1500 1493 646
2103 2086 633
3075 3056 289
1067 1071 828
2177 2184 1043
1103 1087 735
312 325 911
2670 2679 293
604 620 933
3040 3059 904
1111 1100 999
3066 3052 967
1787 1780 192
2791 2777 575
632 617 717
1016 1023 908
2539 2533 278
1853 1851 448
2192 2189 55
1789 1780 822
1164 1161 62
324 312 1194
2640 2623 987
1293 1305 689
2802 2800 166
129 125 81
2727 2721 908
1773 1784 922
402 399 529
362 382 315
2960 2965 67
2376 2364 552
2095 2106 462
1922 1927 574
632 629 169
1107 1105 1192
2681 2688 868
1695 1689 623
1068 1066 1037
1936 1946 239
2090 2108 1067
2248 2245 670
85 108 444
1592 1593 867
995 1013 370
2101 2082 1116
2531 2529 529
812 813 441
3055 3035 921
844 825 342
1685 1693 777
157 164 335
2841 2852 505
797 792 299
2011 2017 908
1299 1298 1063
1519 1515 189
2309 2302 577
2078 2097 450
1313 1314 291
1505 1503 1053
579 594 1090
1744 1738 1086
2848 2862 745
3039 3026 303
1317 1320 470
2845 2843 201
2731 2747 1084
1203 1183 1184
1589 1599 797
783 773 115
1598 1602 875
1472 1477 668
1099 1100 162
2733 2748 359
577 588 308
1811 1800 370
687 697 653
2651 2643 1144
373 379 315
669 670 465
2557 2568 166
1137 1141 1073
2727 2711 842
1502 1493 953
1836 1837 545
1139 1137 432
1239 1222 672
338 322 496
2239 2238 232
1695 1713 1044
2801 2799 217
618 614 874
1472 1475 580
565 548 69
2222 2202 353
1020 1025 395
2794 2792 982
2145 2136 213
1881 1878 1001
2010 2019 1184
1593 1582 770
1164 1158 752
1551 1548 798
2618 2635 1045
601 611 254
2545 2549 446
2255 2245 451
1188 1169 396
576 564 570
1578 1573 325
2460 2463 113
98 92 1174
961 976 225
1856 1853 1112
2095 2092 350
1997 2001 1058
754 771 947
1909 1908 31
2580 2585 1174
2491 2492 392
1308 1301 160
1321 1324 1183
646 634 801
942 943 515
2859 2857 573
57 55 762
2960 2956 589
2021 2014 470
1538 1543 276
1483 1474 534
3084 3081 1093
1728 1723 1127
2595 2580 342
2688 2694 438
2179 2190 197
364 370 1082
1571 1566 1026
44 54 414
1706 1689 1059
340 342 597
1971 1969 232
750 749 519
2060 2059 16
2062 2063 972
2082 2081 433
2045 2046 690
734 731 1197
2674 2672 1105
1838 1835 1172
2663 2659 705
2724 2721 281
1788 1780 1102
1954 1953 213
822 827 949
2560 2556 774
1700 1716 521
1199 1204 509
2491 2493 705
987 975 136
1254 1236 1051
430 431 607
2695 2687 310
1549 1552 1087
1597 1608 191
2367 2361 770
846 842 1200
2482 2481 759
343 342 688
106 113 833
3066 3065 95
2940 2935 1062
1631 1620 732
332 352 1016
1099 1097 916
1448 1454 472
849 862 1060
1933 1926 916
2981 2968 1047
435 445 197
151 168 75
1958 1963 68
2206 2223 532
2070 2081 1110
1945 1949 333
2638 2650 543
1463 1468 612
717 715 956
265 253 519
151 155 154
1348 1349 1150
894 891 139
2139 2137 154
3074 3055 687
2446 2443 1167
1258 1259 4
570 572 307
450 445 807
2428 2415 989
2871 2857 626
2133 2127 428
2217 2197 520
2639 2636 874
776 787 255
1069 1057 572
1389 1380 563
1635 1644 781
2459 2463 660
2693 2694 848
1349 1350 707
2809 2805 330
1978 1998 462
2656 2653 6
2149 2144 163
2765 2769 837
1425 1428 99
2032 2023 103
2757 2741 218
1270 1272 824
1342 1344 740
1013 1017 512
2422 2416 1182
119 126 953
1376 1381 1097
1954 1957 396
1799 1800 854
671 684 30
1941 1929 1041
1870 1889 981
340 344 213
1682 1684 979
2822 2825 616
384 397 297
1036 1031 180
1341 1343 598
545 542 326
515 534 438
429 442 644
2575 2581 257
274 269 1167
44 34 1195
2950 2968 1130
3037 3055 106
272 269 1106
2147 2152 430
163 174 731
1658 1660 982
1495 1489 875
1838 1847 823
1585 1594 675
1618 1622 214
3125 3131 212
1177 1172 209
3084 3090 1074
836 829 245
2769 2770 667
2536 2545 717
2292 2273 30
2257 2261 477
1519 1508 639
39 48 104
2563 2570 526
1469 1464 600
983 970 687
880 874 663
1063 1054 1058
2132 2130 603
1660 1663 1010
2084 2089 75
2585 2590 445
2199 2189 449
147 161 661
1265 1266 958
337 347 82
824 818 723
590 589 229
60 62 297
1273 1275 424
596 606 381
2046 2059 677
2339 2348 250
412 396 214
2021 2022 579
2578 2575 96
3097 3088 595
927 922 338
891 874 66
1578 1591 165
784 788 911
834 823 671
486 490 57
3017 3010 737
341 333 144
1986 1991 101
198 204 90
1923 1939 466
1661 1662 1177
2264 2268 1184
2193 2174 223
1120 1116 378
1516 1514 57
2282 2295 1071
267 270 967
1594 1583 375
1145 1155 657
751 757 603
619 620 521
2265 2268 975
957 953 793
3016 3021 471
2883 2885 1142
1572 1565 331
273 266 294
1522 1517 534
1250 1255 1074
1327 1325 129
2235 2236 1126
361 380 844
2925 2919 986
78 79 1180
714 713 370
1676 1675 708
1812 1817 942
1669 1661 390
2923 2910 1129
2689 2686 826
1611 1607 370
2683 2691 827
2612 2625 628
641 630 965
1700 1681 1009
3036 3052 1053
2908 2891 339
133 114 261
2733 2731 361
2368 2372 196
2494 2490 646
3083 3064 739
2685 2683 685
2867 2878 881
999 1008 30
1826 1834 648
1742 1737 1127
2040 2038 1181
2671 2667 685
1711 1709 721
629 621 1
3148 3144 69
1501 1510 376
591 587 677
1392 1383 84
3097 3085 82
1465 1459 36
1759 1776 680
2937 2936 138
164 167 982
2725 2720 209
2796 2782 688
1935 1942 842
3152 3157 1125
2343 2339 774
1417 1410 107
759 747 839
75 93 153
131 126 132
2524 2528 729
321 332 12
201 220 152
864 865 400
306 313 98
2271 2291 759
901 902 1093
55 46 638
1262 1274 610
115 112 838
532 535 381
2534 2550 508
1174 1176 862
1009 994 1196
2035 2037 330
1025 1030 704
1904 1922 506
2042 2047 115
1875 1895 250
825 826 967
909 889 267
2676 2656 640
532 539 413
1704 1706 811
256 268 424
598 586 514
24 17 1084
166 179 327
1400 1406 887
2664 2666 132
510 494 767
2730 2723 925
453 450 311
1873 1877 108
2752 2753 713
1963 1967 707
2502 2503 898
415 420 994
2992 2993 69
1025 1027 830
411 407 1192
2366 2364 727
700 707 729
1984 1966 993
1592 1602 311
2312 2322 415
2148 2149 445
1402 1406 768
2692 2698 470
3120 3137 240
607 609 584
2209 2202 112
515 522 400
947 945 935
786 779 862
2452 2451 776
303 304 826
1277 1261 645
1179 1171 743
360 349 100
2242 2245 357
1293 1294 355
2164 2163 1163
3093 3089 36
571 569 542
2559 2565 289
1974 1975 88
557 563 977
1982 1984 504
703 697 155
649 656 1161
224 222 758
2123 2140 278
2399 2386 328
3106 3101 868
2054 2049 564
1750 1765 802
1348 1340 320
2634 2633 763
2831 2830 470
2957 2973 186
1430 1424 135
2505 2507 544
329 319 696
449 448 779
2031 2036 656
1758 1774 735
2848 2835 884
2233 2237 921
85 89 1111
735 727 252
2629 2643 714
1378 1391 905
2726 2743 236
2230 2231 719
685 695 498
2023 2027 640
1347 1345 764
1972 1985 1134
2224 2208 654
2190 2205 66
2762 2774 169
635 616 1076
847 864 758
122 132 638
1677 1697 1015
1678 1660 35
524 515 760
3113 3103 589
372 389 656
612 615 775
1084 1095 938
137 136 65
2980 2983 71
1433 1414 677
2368 2370 622
1250 1266 573
1940 1925 182
787 771 191
2432 2439 759
1471 1470 12
2581 2577 703
1666 1668 126
1633 1634 668
2851 2869 144
981 973 1065
3077 3086 390
967 954 691
956 948 311
275 284 908
3143 3150 862
1116 1109 552
1767 1766 1038
1435 1449 231
1387 1372 616
1421 1420 475
1743 1760 329
293 298 978
543 547 1164
312 311 801
1305 1295 644
211 208 237
2593 2573 664
1713 1729 143
2205 2199 956
352 353 1168
405 404 455
2733 2729 274
1678 1661 515
2380 2379 785
1470 1468 444
527 536 773
2176 2174 594
300 285 743
1024 1019 150
2391 2389 168
235 233 351
174 182 102
972 967 700
2389 2388 297
28 38 1175
3113 3101 724
755 750 357
344 341 1086
1330 1322 995
1044 1041 147
649 637 1098
3078 3080 677
1038 1018 1069
2928 2927 1031
2901 2905 950
1600 1607 631
2921 2907 686
2712 2711 524
1160 1158 691
1562 1557 357
425 429 296
1841 1844 425
821 809 20
592 576 340
2483 2480 993
1781 1782 1132
686 680 1056
1387 1391 919
1254 1255 731
1295 1304 619
239 223 1147
412 408 519
1856 1862 847
1323 1321 280
2981 2961 268
2031 2040 400
2919 2906 197
2125 2114 982
2685 2665 895
2353 2349 426
2496 2498 144
530 510 333
1914 1905 256
2405 2416 1153
60 61 367
992 1010 232
545 544 1059
2352 2353 1006
1802 1807 57
1473 1476 604
2775 2791 210
635 634 438
3064 3073 989
529 523 317
190 181 428
1131 1128 1041
2579 2584 323
1803 1801 329
208 227 591
2749 2738 884
1886 1901 498
1419 1418 251
3026 3023 588
2514 2534 877
2113 2118 317
459 458 810
380 375 259
1790 1789 716
3006 3004 955
364 363 235
1644 1649 66
1868 1888 357
938 941 1124
2686 2692 261
1747 1762 216
1885 1890 105
2228 2234 437
2578 2560 1139
1803 1795 304
1647 1657 60
2330 2319 444
2111 2101 961
1249 1232 511
2954 2946 1156
2566 2568 1190
2020 2023 1174
2215 2211 601
2813 2812 971
1550 1563 1030
538 546 916
2301 2303 70
645 653 702
1859 1873 300
1114 1108 481
1974 1980 667
2957 2958 157
351 331 76
1610 1608 476
1679 1680 968
1601 1604 566
2118 2127 102
2031 2025 103
3077 3080 506
2145 2140 49
3091 3093 298
783 770 752
218 216 560
1531 1530 411
1157 1141 861
130 120 79
1488 1485 759
1403 1404 117
83 89 231
1831 1832 1058
2904 2920 90
2878 2882 158
1635 1641 417
2729 2741 924
1584 1586 1188
993 991 951
2043 2041 702
2027 2043 408
2084 2102 187
2202 2200 190
2184 2188 51
1759 1742 776
1871 1888 630
3137 3122 1116
2393 2385 473
2211 2226 1038
1425 1413 736
2555 2554 575
2532 2550 65
2064 2061 233
566 550 629
1250 1241 1143
158 147 1139
1724 1735 1119
1834 1832 1063
999 1004 587
2874 2864 833
1794 1809 250
264 261 849
719 731 173
1603 1606 308
1058 1063 906
2838 2823 954
243 236 1164
1658 1665 973
373 391 418
1569 1567 320
2430 2433 292
1170 1171 456
2856 2861 790
3100 3093 117
427 428 177
3054 3064 1018
2475 2472 868
33 35 351
1431 1412 376
71 72 640
639 653 529
1798 1793 186
2791 2778 918
1245 1261 549
1403 1399 332
2599 2613 365
1646 1634 742
92 72 1106
966 978 155
1747 1740 313
2343 2337 1031
2565 2568 764
1993 1992 233
2665 2659 1173
520 518 1034
2808 2810 312
738 741 35
2325 2324 155
495 494 801
1975 1990 488
1535 1529 524
487 484 1077
2616 2615 468
1237 1231 379
2148 2130 555
2027 2032 900
1761 1765 114
2703 2698 138
1937 1935 906
2425 2423 169
149 137 1031
1810 1826 979
2714 2712 1049
2094 2088 403
1520 1515 294
2013 2003 666
1921 1924 274
2589 2598 906
473 461 515
1507 1511 617
2068 2064 377
1045 1040 407
2321 2323 951
30 41 256
1698 1688 544
1446 1441 899
2810 2818 919
790 784 313
77 74 467
2171 2179 748
2226 2229 470
757 752 178
2645 2654 1197
3066 3083 62
819 823 2
1848 1849 573
2758 2759 1091
2454 2451 801
982 974 1072
855 851 203
2425 2417 741
622 633 1182
981 992 394
1982 1981 603
1890 1902 460
2716 2736 427
104 122 1037
1468 1464 272
1559 1561 80
75 82 250
3067 3086 113
822 829 1107
1707 1714 510
1044 1051 330
1725 1717 978
1557 1558 240
2150 2154 1197
1498 1495 905
275 260 119
3095 3087 146
3013 3018 1081
1011 1007 786
2323 2341 656
2086 2082 623
2917 2922 714
2231 2232 874
1956 1974 358
1380 1387 1185
1581 1577 422
1854 1837 56
564 561 323
1191 1192 501
1320 1329 124
2931 2950 586
842 844 320
2581 2595 1099
1504 1501 979
516 521 694
763 766 569
1560 1568 1130
2494 2485 371
256 261 754
1367 1378 699
2598 2612 1183
2682 2671 824
872 875 214
1405 1397 71
1716 1715 285
2242 2253 493
2008 2007 1074
2799 2786 925
3139 3126 575
1790 1793 783
2037 2036 541
1494 1492 1064
1290 1301 55
2780 2776 499
841 840 286
1788 1779 657
1066 1060 836
2080 2075 90
505 503 1193
1401 1402 912
2367 2369 943
1085 1077 439
2814 2813 681
1894 1896 1082
2518 2538 455
776 769 469
220 234 990
1699 1702 979
2001 1999 89
513 514 294
1983 1985 495
2979 2977 1179
1783 1779 1072
472 485 318
1513 1514 274
2219 2224 503
746 741 75
2115 2134 438
2194 2189 748
884 885 1006
261 281 913
3089 3097 269
2857 2876 952
970 968 1
2332 2333 575
2146 2152 502
2895 2894 531
1987 1990 983
2935 2949 34
2585 2601 587
2959 2945 734
1628 1630 811
2232 2228 1035
2429 2434 152
2086 2066 921
2054 2052 1010
1471 1479 513
1575 1585 630
650 652 745
2744 2745 148
1555 1557 71
2297 2315 724
1062 1069 228
664 666 954
1598 1603 356
1196 1190 754
1324 1322 1027
247 233 1132
2006 2016 847
1593 1600 177
201 193 537
2095 2100 58
2155 2150 874
311 327 591
2470 2473 1111
2331 2312 788
2426 2446 75
2621 2603 169
1237 1249 293
99 100 520
720 714 585
2533 2528 342
2434 2416 479
504 508 658
1627 1637 339
1344 1363 181
673 675 23
2282 2285 94
678 674 973
175 171 282
655 656 1055
2110 2123 1000
372 375 1092
2262 2260 138
2671 2661 153
1517 1508 179
2911 2895 407
1413 1415 137
2511 2491 587
2012 1997 1162
2075 2094 204
1500 1509 857
1416 1406 76
2299 2290 1105
2250 2251 70
745 743 315
2508 2509 170
1245 1255 607
663 671 486
2042 2056 772
532 528 999
559 549 691
1679 1659 394
2127 2112 47
2727 2713 565
2938 2953 686
2374 2371 983
1744 1752 600
2693 2702 337
1328 1323 942
2364 2362 934
1708 1705 759
802 805 628
2402 2400 1101
1155 1154 679
1789 1791 558
574 591 287
507 518 532
2884 2866 105
2584 2586 246
1504 1499 439
1439 1440 588
87 90 88
1055 1039 911
1076 1091 743
2584 2589 1073
1029 1033 550
929 930 288
473 468 681
1011 1012 789
922 920 538
1472 1469 120
757 756 216
661 659 704
2555 2558 1063
3022 3017 941
1608 1612 110
2347 2350 638
1211 1229 851
35 36 55
2117 2129 654
742 741 502
2868 2874 183
478 475 1186
3042 3061 667
3148 3158 381
2571 2559 725
2366 2361 180
555 567 241
3079 3088 1097
796 776 1055
124 132 11
1965 1981 1104
2384 2385 325
2468 2471 926
2072 2079 364
1807 1805 732
2530 2512 9
159 160 985
2486 2489 992
2988 3007 767
1093 1080 735
1045 1052 42
1126 1130 641
1983 1994 358
1144 1136 517
2209 2217 68
481 476 31
1104 1123 32
328 313 859
2159 2166 832
993 1006 912
2227 2236 890
1078 1070 749
2850 2869 819
2422 2426 1070
1825 1824 83
555 553 1
520 512 948
898 888 856
2595 2592 199
1089 1077 753
791 797 96
1389 1376 540
2930 2933 264
2160 2155 227
1516 1511 542
1858 1854 366
389 371 1075
556 555 775
924 925 1086
116 113 302
345 343 921
1626 1634 68
2202 2194 683
3121 3128 238
2586 2594 890
1334 1338 1010
1052 1047 548
2180 2181 873
2068 2071 249
118 134 390
111 95 340
896 886 322
1267 1280 5
1390 1381 522
2340 2338 226
1274 1273 1173
2363 2360 825
2448 2455 152
2114 2133 1169
1417 1413 1075
1896 1913 103
67 7 479
2444 2464 895
3033 3018 797
78 82 1185
1645 1655 388
1213 1212 829
1517 1514 944
2418 2428 425
3 6 997
1601 1621 78
535 543 644
1597 1589 837
2597 2604 34
850 847 334
2505 2523 118
1950 1968 1046
387 389 767
451 465 867
2085 2080 895
2355 2356 264
2603 2591 1030
306 308 904
338 323 212
80 72 993
3122 3120 338
2687 2681 1183
1886 1876 900
831 814 1159
1712 1694 992
3150 3160 1014
2196 2180 191
326 340 44
3028 3020 167
2358 2366 846
2169 2172 120
2130 2134 809
2438 2449 332
1263 1269 2
2547 2551 1185
1973 1993 788
3036 3019 673
2136 2131 600
702 722 950
1129 1149 67
1959 1951 1125
2089 2106 691
2685 2686 194
2645 2650 439
2439 2438 875
1533 1525 580
2889 2885 268
583 591 118
2344 2333 1198
1110 1107 417
3044 3041 804
1818 1813 714
2411 2413 348
2764 2763 120
1481 1500 1176
3060 3056 261
3060 3067 117
1763 1765 23
2593 2586 148
1628 1629 57
1584 1585 149
2229 2233 645
512 508 996
90 71 131
2015 2033 287
899 907 1003
1067 1062 33
1882 1887 816
1745 1742 846
2894 2889 661
951 944 407
416 436 709
319 318 1145
915 921 14
565 547 662
2429 2411 590
3091 3092 320
837 830 587
727 711 529
2699 2696 1138
509 505 573
1485 1479 258
498 479 1050
2065 2057 1186
2407 2404 472
2205 2201 914
3094 3088 217
1630 1629 348
330 335 369
2816 2817 1185
2698 2689 461
2587 2588 1120
2247 2246 829
1786 1795 1173
284 285 683
681 692 251
1218 1224 344
2631 2637 689
2404 2400 713
2409 2402 50
13 9 1134
1750 1752 630
873 888 211
1525 1521 726
186 191 313
447 462 397
1800 1797 751
1652 1651 750
2761 2745 614
1341 1360 481
261 263 751
1071 1066 1048
2760 2750 526
1428 1431 683
2216 2209 591
3048 3050 937
616 622 881
1810 1795 826
2577 2579 813
2584 2596 933
2444 2424 979
1678 1675 486
2779 2778 280
482 474 756
2138 2118 1032
1901 1918 260
1683 1680 1076
989 982 310
958 972 507
2574 2567 1168
2317 2298 185
1347 1360 317
1777 1767 329
1970 1985 674
894 914 316
1720 1716 98
2903 2902 797
2740 2720 150
2165 2171 45
247 241 633
1410 1407 1015
564 567 886
848 854 259
3054 3058 875
2230 2226 929
1236 1232 677
1778 1761 248
1471 1467 599
367 369 1049
1241 1238 784
1612 1616 899
989 985 218
2123 2122 249
694 696 273
2746 2738 924
2299 2282 645
2269 2262 462
3020 3019 747
2424 2422 225
627 635 306
490 478 1022
1965 1972 722
672 686 211
2281 2280 86
2415 2412 641
2582 2596 29
2432 2438 184
2038 2050 1191
397 396 88
3064 3069 696
2540 2524 578
1038 1033 1054
620 617 566
94 76 588
3010 3009 98
1547 1563 224
798 802 1159
1913 1910 479
2239 2241 427
1330 1350 570
1770 1771 360
240 236 1008
745 747 427
1350 1348 605
2299 2295 765
2687 2691 240
3054 3055 1090
997 1002 436
2478 2484 868
431 413 438
1773 1772 902
2015 2011 983
1215 1233 1198
351 334 886
2997 2988 1050
870 872 375
1996 1993 626
516 503 1126
1214 1215 527
2482 2479 372
1963 1980 407
1697 1714 989
2325 2337 706
2117 2116 665
2556 2566 346
2427 2407 1059
354 363 248
2359 2339 738
1978 1977 1086
2630 2628 169
1175 1185 450
3015 3029 921
1663 1683 883
2170 2189 568
2412 2410 1136
530 529 951
319 326 949
1059 1066 226
88 93 931
597 595 1164
429 422 527
2849 2848 542
1828 1834 814
2518 2500 206
1053 1062 908
2336 2356 291
1679 1684 1181
2535 2551 16
228 234 149
2482 2469 1147
1549 1563 658
526 507 245
2484 2492 1154
2085 2087 448
658 655 550
2460 2461 206
538 544 530
2898 2897 974
224 240 386
1523 1526 337
527 528 239
1785 1769 928
469 459 614
2923 2921 562
2059 2062 896
3119 3121 300
930 932 1024
482 496 136
2293 2313 1148
226 224 1034
1183 1172 19
499 510 875
5 11 632
2443 2433 816
1452 1444 1066
2048 2068 819
1307 1309 584
18 27 1087
622 628 40
2024 2016 69
1884 1889 29
2350 2354 431
1336 1316 429
1586 1581 1113
1364 1370 182
1260 1264 208
1241 1247 412
374 370 451
2295 2298 59
2485 2484 517
1094 1091 1
508 519 432
37 39 572
1480 1483 1159
2784 2779 365
3000 2998 1065
2421 2416 187
2808 2815 51
2517 2531 912
1454 1462 578
1556 1553 856
3064 3072 263
862 860 562
801 813 1050
1398 1395 194
1283 1284 1188
2641 2643 1069
195 198 569
2748 2745 287
1926 1923 920
1750 1745 789
1612 1615 1200
2647 2645 537
1823 1821 722
2288 2289 176
845 846 1080
3132 3135 918
2281 2279 888
1770 1769 1165
123 133 464
135 138 719
2716 2714 479
11 24 848
1989 1974 329
957 958 200
1278 1270 80
687 680 404
581 579 135
2328 2327 899
968 955 470
793 798 914
2920 2918 263
2283 2273 874
1560 1544 564
3028 3010 915
2118 2120 443
1775 1774 454
2624 2625 878
2014 2018 908
1809 1808 726
908 910 876
1833 1828 1086
2849 2855 502
506 511 602
2893 2899 548
1187 1170 1051
192 187 458
3015 3016 573
610 614 715
1760 1780 1077
848 863 18
1375 1381 361
1816 1817 639
70 69 357
2161 2165 366
2981 2986 999
195 188 337
1395 1393 984
150 152 912
1896 1897 539
1534 1543 951
2481 2480 345
276 280 599
760 772 314
3073 3053 206
2958 2963 904
1968 1986 354
456 453 912
1991 2005 207
2969 2971 417
2853 2869 939
2804 2805 371
1312 1313 650
1815 1821 244
2213 2217 781
1913 1906 1080
1505 1511 370
677 682 271
2971 2972 998
785 787 1101
388 381 638
2700 2713 733
2607 2617 251
2143 2147 769
1130 1131 592
2281 2277 832
1731 1716 624
1413 1433 843
797 793 807
2223 2224 359
1796 1788 98
2195 2176 296
1708 1712 1009
2762 2765 879
750 770 1054
488 477 1088
751 748 287
525 506 257
765 764 119
394 393 662
975 959 635
82 81 1147
1000 999 452
619 617 970
2977 2978 86
2706 2710 704
2653 2642 989
2619 2638 488
2008 2018 416
1907 1906 828
2546 2539 617
439 448 38
1941 1933 89
901 917 510
2183 2181 725
1125 1133 800
378 374 909
3024 3023 446
2971 2986 1038
2680 2670 819
2016 2029 347
1079 1078 688
563 556 872
2442 2427 709
2509 2489 424
1746 1732 705
2521 2518 1046
2746 2748 596
1311 1298 356
2393 2407 1102
719 716 144
637 636 695
1365 1377 1052
3118 3129 422
1000 1020 777
1368 1372 224
3115 3120 856
2991 2999 275
1339 1336 1110
460 457 519
299 284 1151
1447 1435 1176
2243 2247 1172
257 251 38
423 432 868
574 577 1189
2945 2942 571
1850 1857 1121
1513 1510 406
2745 2747 277
330 318 615
2173 2192 368
1806 1813 1094
285 291 704
2985 2969 1042
831 832 461
177 171 729
209 229 250
1766 1778 1082
477 476 663
1399 1410 152
2455 2461 151
2488 2490 444
2455 2459 1055
686 679 564
2168 2170 1095
208 213 230
2492 2472 1001
2660 2655 935
51 56 287
2088 2091 433
2253 2256 649
1960 1952 94
2564 2553 231
2614 2617 487
1633 1635 85
1624 1618 871
912 911 232
1049 1040 439
525 526 735
857 875 321
2225 2229 392
2437 2426 761
2603 2606 305
858 862 1061
1895 1897 918
613 608 31
2187 2186 365
1973 1975 496
507 514 438
2055 2056 368
1125 1134 1012
1934 1931 960
835 840 479
2605 2608 594
1250 1251 688
1640 1620 230
395 401 1102
1331 1319 722
3053 3051 1145
2252 2238 793
143 128 373
1420 1427 1056
1198 1201 644
1146 1136 878
1059 1060 74
2856 2849 91
2340 2327 1160
2304 2287 816
455 454 457
1284 1287 937
2012 2022 62
2244 2257 658
2991 2988 705
561 559 832
3046 3041 93
1217 1218 398
1312 1318 1017
2395 2375 1123
2621 2623 164
2249 2234 156
878 893 1130
2450 2447 465
768 762 1077
322 324 780
1071 1084 82
2119 2138 263
2535 2536 302
10 22 342
600 587 937
251 250 206
419 427 770
1440 1435 869
2514 2515 1026
3119 3107 16
1020 1023 205
1908 1915 179
1457 1456 288
1456 1455 743
2252 2254 750
1869 1870 618
2153 2146 225
977 978 30
1443 1446 127
3087 3096 348
984 983 820
2525 2528 231
497 496 904
331 338 430
1576 1577 520
1690 1704 226
2178 2176 1191
1733 1731 578
250 264 1118
504 494 641
448 463 547
117 102 1043
821 811 652
3005 2986 234
2286 2304 429
2013 2005 618
2446 2453 817
2304 2303 375
342 347 29
40 33 542
1821 1834 116
911 913 645
2535 2547 1189
2647 2659 1098
2115 2119 144
1826 1827 766
1352 1356 780
2277 2279 386
2203 2204 545
87 91 819
1207 1211 854
664 667 622
586 580 671
1036 1039 456
2774 2789 648
1622 1623 899
1054 1048 909
2303 2305 164
2524 2519 1079
417 416 811
1310 1315 250
2253 2250 1132
290 300 440
630 649 253
2108 2111 1162
345 336 891
1732 1731 97
2800 2799 296
2231 2235 139
2648 2635 211
1424 1427 1161
2049 2048 371
1388 1374 779
1969 1985 542
810 812 964
1474 1482 808
639 636 825
2768 2777 170
1587 1589 778
913 929 671
992 984 896
1460 1456 291
2436 2441 259
1829 1828 182
2689 2691 151
1936 1934 499
2349 2351 793
1611 1593 773
540 548 228
2701 2699 691
1299 1319 330
2964 2966 382
2137 2136 703
116 117 487
354 353 507
2511 2529 375
418 419 874
1920 1919 1186
3061 3049 304
1265 1260 1147
1181 1186 1036
1760 1745 1177
2229 2238 1024
1720 1724 1038
2273 2267 70
2865 2883 1175
1757 1755 336
2142 2154 1065
1549 1531 1097
2774 2772 386
1608 1614 869
2163 2160 133
1594 1601 1169
2003 2002 447
2300 2301 1158
2126 2125 800
2858 2872 731
643 639 585
2754 2767 355
1346 1344 856
1626 1630 1142
3046 3029 825
824 844 935
1542 1543 766
1903 1919 796
623 641 821
251 254 766
897 879 149
2069 2089 363
2578 2562 1070
434 437 897
2530 2526 796
23 12 1013
3090 3092 666
2879 2884 1105
2243 2233 768
2938 2932 986
2623 2618 105
974 969 216
582 583 168
529 528 212
464 481 180
2377 2396 795
2260 2254 858
2362 2358 726
115 99 396
1058 1061 765
2255 2252 1120
371 370 77
2220 2215 472
1254 1252 478
661 672 373
3105 3106 668
2320 2327 909
258 245 52
1704 1685 603
1718 1719 1145
2196 2190 1166
1473 1464 564
1199 1217 1147
1499 1502 1159
471 473 806
3128 3143 1056
2245 2243 959
5 3 490
1135 1124 686
2132 2124 805
1315 1313 233
1441 1437 457
2520 2517 32
452 463 856
877 873 595
1910 1909 265
2925 2924 386
1258 1256 368
804 794 307
2198 2218 1167
2597 2601 29
2212 2206 1013
3044 3031 864
2308 2291 657
540 539 87
763 764 980
2776 2790 146
1492 1497 574
2592 2597 195
2708 2702 934
1528 1522 884
1640 1639 965
3006 3008 1113
1386 1384 567
314 316 764
2371 2379 1001
1216 1224 152
418 432 382
228 226 1179
2619 2601 622
534 536 9
1243 1252 1010
3057 3049 1150
520 522 697
1531 1535 465
2638 2657 625
2535 2530 493
1664 1663 190
1331 1338 22
31 36 757
2755 2758 494
1712 1729 232
2336 2334 263
2322 2324 561
107 103 464
3009 3011 536
202 198 719
470 473 293
375 376 957
50 43 644
2216 2212 151
2011 2009 919
138 155 298
3003 3001 705
1628 1625 966
3057 3061 1086
301 318 345
524 530 917
2192 2201 415
2606 2607 1189
1753 1758 286
2348 2346 424
712 729 355
2934 2935 541
650 647 357
1918 1916 130
41 44 216
200 203 952
335 336 824
768 766 1190
59 49 11
1625 1624 1194
25 24 209
2499 2501 201
2593 2591 456
3039 3035 318
2074 2072 293
1196 1187 572
643 632 156
2666 2668 573
946 964 95
20 34 607
398 378 890
3100 3105 266
420 408 540
653 651 835
1037 1017 177
3032 3014 928
1214 1194 243
2090 2092 715
2391 2373 385
1825 1828 604
1200 1205 161
794 792 979
302 290 828
766 770 480
2571 2570 379
1384 1391 482
1101 1098 517
2629 2633 18
1474 1478 1182
1140 1136 221
2823 2826 702
58 66 120
380 379 875
2811 2812 225
600 609 806
1242 1251 269
292 291 112
1386 1389 991
2610 2609 371
1688 1681 595
873 866 1089
2415 2423 539
1999 1998 926
696 704 53
978 981 571
2241 2244 966
1584 1578 696
1031 1017 975
1815 1814 423
2236 2233 289
1148 1151 1133
591 573 669
1795 1796 411
2306 2288 546
3159 3151 409
498 500 177
70 73 1079
1268 1251 637
1485 1482 960
142 138 1001
1395 1397 460
1830 1819 910
1147 1151 982
356 367 154
1149 1140 237
2645 2626 767
2154 2135 709
1143 1149 206
881 882 526
177 170 1171
1666 1664 760
6 5 1024
1676 1658 24
926 910 327
888 892 850
2497 2478 526
585 592 857
2512 2513 1123
2057 2051 207
660 644 1099
304 290 1195
2278 2267 152
2718 2706 1094
2559 2561 1046
642 645 160
492 481 351
69 84 683
2600 2583 1140
1725 1726 598
1775 1777 660
2648 2662 863
1259 1273 681
2473 2465 592
1216 1204 519
1302 1296 798
626 618 695
886 880 887
1375 1359 364
418 414 901
431 415 156
2583 2581 1052
1119 1123 802
3151 3149 324
1132 1135 1066
1470 1489 653
2943 2942 7
96 113 729
1053 1046 502
21 33 150
2338 2348 948
481 479 1071
695 694 601
1404 1399 1082
935 929 575
195 197 13
1892 1890 131
1812 1811 341
2073 2083 80
157 163 1025
1708 1710 199
1545 1556 173
1832 1817 994
1992 1981 654
2453 2457 995
77 69 740
3083 3076 351
1689 1670 462
2661 2674 354
3026 3009 634
2140 2147 903
2764 2772 370
2975 2992 1129
1932 1933 197
2470 2485 650
102 81 1000
2140 2141 304
3074 3071 80
2885 2890 356
103 96 234
662 668 832
1588 1587 1039
1057 1064 1055
2911 2912 763
1743 1737 381
1291 1286 828
1400 1395 1150
2967 2985 369
1466 1462 372
1521 1528 1112
247 248 456
2961 2955 35
214 220 156
1732 1744 251
414 411 1013
2751 2756 284
1058 1059 947
2192 2185 555
372 371 593
1639 1655 971
425 413 212
2781 2785 97
2548 2553 416
3034 3037 641
2021 2041 754
1599 1607 551
151 145 1106
1151 1150 743
278 282 307
500 502 842
2346 2334 769
2398 2401 884
2725 2724 509
1656 1642 867
2291 2294 1120
422 419 408
2789 2787 239
599 603 939
3094 3092 169
2307 2312 874
737 740 385
490 474 971
2892 2880 316
3111 3104 210
2097 2107 111
2511 2510 477
1687 1669 1154
1748 1752 62
379 378 680
2172 2173 1089
3112 3105 612
2552 2562 1116
1225 1222 111
2313 2317 543
2703 2717 394
3132 3133 33
2120 2123 33
1754 1756 284
3156 3160 331
1934 1942 956
1042 1036 620
2104 2091 773
2821 2839 989
19 16 219
3129 3135 442
3160 3157 996
2928 2926 122
2028 2032 814
317 329 307
2093 2104 564
2207 2214 417
2675 2673 643
1171 1190 886
839 843 590
1792 1802 769
2091 2090 877
386 389 865
2441 2444 585
2510 2517 807
99 74 911
2537 2546 290
267 280 377
2099 2080 482
444 434 387
1007 1002 577
2825 2820 957
2788 2772 613
102 104 96
1212 1230 193
1649 1658 457
2756 2761 992
2028 2029 65
1570 1565 539
1420 1426 846
740 739 109
1903 1904 94
1977 1992 1076
1499 1494 244
1261 1244 516
3043 3023 1011
3082 3096 4
1793 1810 705
2489 2490 390
2434 2414 238
153 152 1016
2125 2132 1156
2833 2814 261
2373 2374 373
2395 2392 809
1335 1337 355
2767 2757 978
942 946 1050
1269 1256 5
1159 1168 1071
1859 1867 759
657 650 1085
541 544 163
533 536 951
225 240 83
2752 2754 810
2340 2339 1041
1179 1180 1149
1033 1041 988
1451 1452 246
2408 2404 58
2939 2933 416
2749 2735 644
632 631 895
2136 2139 469
2151 2166 679
684 674 152
1791 1783 1075
2453 2458 1131
2274 2280 371
2796 2795 319
2381 2390 184
2785 2787 81
2831 2832 224
2497 2500 318
660 661 860
2157 2148 889
366 367 472
668 682 315
2072 2070 496
3008 3027 1115
593 594 745
1271 1255 1097
2035 2030 626
1109 1113 836
1408 1405 504
607 608 1109
2853 2860 771
2169 2187 231
2863 2869 184
1996 2001 1175
2673 2672 299
1337 1341 601
246 230 835
815 816 266
982 990 285
2357 2351 630
730 716 1170
392 394 144
746 749 264
2214 2213 86
2025 2019 660
2515 2516 818
2076 2093 1161
1349 1339 490
1353 1336 79
2651 2658 992
642 646 809
1414 1423 51
274 267 61
377 382 704
1904 1912 799
1343 1342 1056
2887 2892 250
2512 2522 708
1117 1102 1044
611 615 378
1605 1601 742
3110 3117 274
1801 1787 540
1952 1948 28
1546 1560 1083
1438 1445 673
2931 2921 472
2790 2771 132
2793 2798 61
1464 1460 606
345 346 661
1013 1010 1100
2204 2195 909
216 219 468
2362 2363 646
1030 1027 1014
1330 1336 584
1104 1122 755
2405 2402 470
659 651 499
2624 2641 415
1631 1638 991
349 361 917
1253 1234 966
1153 1148 1114
2454 2458 233
3148 3150 585
2979 2975 52
1735 1734 737
1844 1861 58
2611 2626 299
1475 1473 32
2239 2240 354
3130 3140 536
2121 2129 168
114 112 582
963 960 810
1988 1976 775
1649 1650 631
802 806 45
1162 1160 451
1954 1971 130
210 203 752
3149 3158 796
1619 1617 281
1846 1842 708
462 473 23
1696 1695 86
3058 3056 825
2017 2034 922
3079 3078 967
2511 2513 161
1756 1771 1117
2310 2297 705
2043 2028 77
2834 2827 233
254 252 1199
599 606 518
1818 1817 737
140 139 705
2766 2748 740
136 121 817
1956 1965 771
1537 1553 366
264 258 244
2689 2694 642
1967 1964 1100
2717 2737 704
3083 3086 1148
2952 2970 43
2294 2314 779
2523 2540 434
1016 1001 338
82 63 472
2383 2377 721
1129 1121 310
2203 2191 909
1141 1125 551
1947 1950 1158
694 701 307
3131 3119 430
2803 2811 945
2210 2218 680
452 446 679
1104 1120 159
950 952 330
522 502 1197
3153 3147 866
613 612 258
1314 1318 203
1317 1316 588
2419 2425 1147
1165 1161 1121
211 215 1034
3033 3052 765
1157 1156 370
814 801 212
499 498 864
3147 3156 1041
1091 1092 746
1587 1580 1068
2258 2268 393
1307 1311 927
568 552 1138
3045 3047 1194
1470 1469 440
748 752 1009
180 200 456
2180 2176 645
2556 2552 612
968 980 701
778 766 1052
111 94 239
2847 2850 794
1088 1098 886
1656 1659 169
327 312 411
3038 3036 869
2235 2240 1071
54 39 857
2822 2824 488
965 951 422
2880 2886 149
2618 2607 344
932 914 468
2382 2390 574
2411 2406 809
269 286 389
42 50 283
1908 1920 443
2721 2740 412
282 275 991
1940 1926 723
1319 1321 785
1926 1931 905
1125 1119 778
3025 3016 985
1455 1463 1093
1166 1186 284
1109 1108 81
816 817 934
683 680 609
2532 2526 408
1902 1889 137
2451 2459 453
2744 2747 314
1316 1321 876
1770 1783 818
1473 1478 760
2431 2436 240
480 470 888
2204 2223 420
2663 2662 1109
1481 1461 30
1896 1893 550
2587 2590 552
439 445 767
2620 2615 579
1426 1425 147
2135 2128 1074
2254 2259 61
1423 1426 559
3155 3158 558
2709 2696 940
2271 2255 842
2350 2342 687
1885 1900 734
1979 1993 358
1333 1326 705
1013 1032 875
1611 1594 332
1698 1691 922
2341 2351 737
2763 2773 280
2682 2663 464
1599 1595 613
295 315 133
1199 1202 981
2848 2868 382
586 588 453
2640 2639 935
733 728 671
2962 2958 804
1087 1089 913
767 782 620
2120 2114 404
918 915 908
1547 1542 333
537 531 1122
3069 3078 1185
2378 2390 836
2739 2742 174
255 242 327
1079 1080 215
2594 2579 353
1925 1924 106
1168 1172 545
734 725 745
2527 2509 934
203 209 55
2528 2544 695
528 537 625
872 874 455
941 949 920
2994 2992 404
349 339 37
1653 1655 701
2752 2770 95
1373 1363 440
2913 2924 866
2519 2501 685
828 838 318
2633 2632 252
364 383 384
719 710 748
1409 1422 841
1777 1773 1138
365 382 5
1573 1585 624
1048 1045 320
2220 2200 549
307 308 473
2215 2216 841
552 542 948
458 445 267
1280 1278 37
674 671 159
2915 2903 921
780 779 158
127 142 44
362 378 986
55 64 591
515 501 558
2043 2038 1049
322 317 6
2962 2964 596
2144 2142 526
1958 1953 768
17 20 716
1148 1154 417
1512 1503 204
3059 3062 220
401 406 191
2096 2109 847
486 475 462
2684 2693 176
2904 2907 885
2772 2778 342
2267 2258 1026
1771 1751 912
2721 2720 492
141 156 741
2311 2307 814
139 125 64
1144 1145 725
634 636 418
2479 2483 539
1288 1286 192
2297 2293 566
2360 2340 1133
573 572 52
2388 2393 151
1222 1223 146
1382 1390 174
1005 992 846
1647 1646 466
262 277 37
3104 3107 271
1443 1450 1131
1332 1336 979
785 786 689
2901 2915 1020
464 465 41
2326 2312 276
3114 3127 686
2810 2828 449
729 720 116
128 127 289
9 6 1128
2164 2151 345
3075 3058 401
467 469 322
743 742 843
1875 1887 895
205 209 352
2322 2326 1160
3130 3126 540
2876 2881 38
679 675 778
1798 1800 223
2715 2719 112
2240 2251 323
2198 2187 878
2866 2861 963
2563 2564 1
1468 1458 832
917 935 1146
509 513 610
1551 1562 1075
1217 1225 746
3068 3048 653
2250 2246 277
1396 1391 1094
1759 1761 665
2892 2890 1190
2793 2788 667
2918 2925 855
119 121 290
1507 1512 236
1499 1503 172
3027 3029 294
453 457 616
2134 2128 936
2213 2227 18
2563 2560 906
2553 2569 1184
2549 2531 230
1818 1809 21
1866 1863 714
2414 2424 1005
316 299 529
1630 1636 205
381 384 964
1407 1400 711
2679 2677 1028
1864 1856 939
1174 1178 976
1096 1086 713
1967 1948 1142
675 687 709
248 253 23
2938 2940 837
260 256 53
2246 2242 197
1880 1876 715
1374 1376 883
1606 1601 900
454 466 866
832 839 490
755 754 94
2431 2412 300
2218 2217 541
2965 2949 307
1692 1691 877
1629 1637 543
2466 2446 801
1233 1246 1190
2175 2174 1101
993 1003 1180
376 392 288
1524 1533 341
2743 2728 391
376 366 625
2829 2827 210
624 625 380
1415 1401 482
2707 2700 293
692 683 1126
2937 2952 590
103 109 580
1312 1303 468
242 244 829
58 64 1182
1821 1820 764
1973 1970 709
1183 1180 569
71 75 756
455 437 946
2975 2980 544
1775 1763 232
2837 2819 354
2459 2458 1127
2770 2751 736
681 683 1122
872 889 461
593 590 808
219 235 343
314 294 492
976 960 1102
2009 2021 970
1590 1572 691
1018 1019 749
2358 2355 666
2602 2590 712
1812 1816 796
226 227 1097
424 428 943
2668 2658 606
2370 2381 746
1220 1228 382
16 26 61
3021 3014 1068
669 666 346
2893 2896 681
723 725 1196
2763 2767 1194
167 168 263
2571 2558 430
2032 2026 49
2440 2447 575
763 759 675
391 387 889
636 656 730
350 342 210
2520 2523 533
2365 2375 693
1868 1866 314
39 40 731
187 188 518
2610 2611 903
1855 1863 770
2669 2666 841
2652 2648 359
2681 2690 1145
1364 1369 1168
1184 1186 1117
2783 2797 116
2426 2430 14
2099 2098 570
1898 1895 566
3112 3123 619
1501 1491 379
881 895 656
2392 2394 938
784 786 412
2430 2432 501
655 654 122
597 606 939
933 930 224
1169 1178 476
173 182 1168
2873 2871 173
2638 2634 411
1930 1928 809
1925 1910 441
2460 2457 515
3146 3155 149
2147 2151 17
1331 1340 1046
2951 2934 1167
1229 1231 60
1007 1009 371
2852 2869 505
875 878 741
569 570 104
511 502 216
1162 1163 841
998 1007 820
602 621 885
519 522 423
2320 2321 90
2363 2359 395
2026 2011 1010
1808 1789 614
18 20 1195
571 566 498
2591 2585 922
1987 1982 991
737 727 823
2212 2209 1109
2757 2742 742
1970 1951 458
1020 1017 430
1614 1621 390
440 435 564
2982 2989 515
229 210 539
988 977 181
1533 1542 748
1935 1934 1062
2099 2085 1056
3044 3062 678
1298 1285 994
725 736 58
714 716 879
2853 2852 481
1667 1662 242
282 300 998
1247 1264 480
991 1011 948
1454 1453 944
16 15 33
307 325 200
2946 2926 7
1805 1825 786
1536 1542 801
2815 2809 897
2383 2387 11
1232 1233 150
870 887 535
1855 1849 884
2109 2121 719
2513 2497 1137
647 654 519
1931 1932 802
2803 2794 419
1220 1218 298
2737 2750 10
1357 1358 75
252 253 126
1465 1484 334
855 871 725
724 722 812
442 441 989
1497 1494 891
485 468 627
1930 1916 430
1074 1075 813
615 597 21
978 989 1150
2718 2717 554
244 228 628
1672 1669 233
1398 1379 461
2579 2582 391
2627 2630 44
1272 1275 702
807 810 458
2784 2783 982
2754 2757 878
690 695 769
1034 1041 1074
1875 1876 452
351 348 1154
574 556 787
1358 1370 1070
232 213 306
2875 2882 416
2156 2151 1129
2995 2984 908
152 149 136
10 12 469
1889 1883 600
750 758 31
798 800 748
1252 1234 784
2955 2973 670
1068 1064 676
2465 2463 1182
1156 1154 548
2816 2810 418
1256 1238 135
2660 2659 91
1397 1400 1100
2310 2314 579
2005 2000 803
2795 2798 453
1757 1740 23
1450 1461 534
898 885 1087
2406 2398 811
178 179 603
132 143 618
2834 2832 453
3038 3031 200
253 254 882
2060 2073 985
977 965 618
27 32 919
2970 2985 255
2922 2932 855
2527 2525 1198
2343 2363 1158
550 554 552
697 689 1093
2557 2564 644
2516 2499 7
765 779 390
3125 3127 683
2369 2373 1141
1792 1781 1005
2538 2537 1020
709 721 996
2386 2383 1032
539 541 746
1654 1643 460
1311 1300 521
806 803 921
3048 3051 342
1776 1782 386
2449 2450 620
2470 2466 749
480 496 1187
2846 2865 141
192 182 858
565 578 635
1301 1313 811
2807 2794 227
715 718 1146
405 407 522
1547 1545 175
1575 1592 12
595 615 823
1758 1768 11
560 575 112
1119 1124 772
1111 1117 480
579 559 51
3012 2997 240
2473 2469 1133
892 893 86
2594 2589 672
1147 1148 978
2439 2425 516
1918 1936 1019
2983 2984 400
3058 3039 1084
2023 2040 33
1956 1955 172
2145 2149 657
956 955 238
494 489 656
1005 991 8
1559 1566 822
475 472 995
2508 2506 216
1377 1361 908
2884 2867 1180
218 225 990
2710 2702 1199
146 141 783
609 589 507
1978 1976 863
965 957 378
1002 1005 742
412 416 1017
1475 1471 166
2110 2103 812
2964 2967 738
2918 2909 454
296 294 642
2654 2663 1181
1193 1194 97
2535 2541 569
1584 1596 793
900 907 852
2038 2035 636
2574 2575 380
442 427 846
2732 2731 176
1507 1496 1119
350 351 350
541 542 156
3116 3111 301
881 873 225
3051 3056 364
1791 1809 993
2697 2695 430
2186 2167 1171
495 492 195
271 276 599
2819 2820 568
1139 1138 643
2375 2374 1105
924 926 1024
1534 1539 1
310 305 812
2750 2742 629
21 10 1012
943 945 878
538 531 439
713 716 741
2056 2053 445
712 715 456
2208 2213 937
1537 1544 686
2290 2307 773
1279 1281 304
2927 2912 319
726 720 435
426 430 225
2864 2862 511
1966 1968 753
484 493 883
1891 1874 950
2477 2494 497
2845 2854 846
2129 2119 255
297 296 953
1495 1484 546
2630 2646 950
2724 2726 944
3125 3124 1110
2074 2075 805
209 204 1200
1365 1367 449
3019 3025 848
851 867 1156
1410 1414 1010
296 315 28
1050 1049 482
1161 1159 549
1143 1142 561
2937 2929 963
2281 2275 1062
1919 1928 840
3017 3023 264
184 185 112
1604 1605 314
2049 2051 1101
2678 2684 362
994 995 541
1314 1310 735
487 476 385
483 484 841
2673 2678 238
449 447 73
1738 1757 198
1458 1454 683
278 280 945
3032 3045 348
2637 2649 947
2730 2744 538
683 669 736
229 243 389
2047 2050 1071
1567 1560 314
46 47 405
2656 2652 669
2964 2984 351
1195 1192 499
523 518 810
1623 1619 819
2319 2318 617
774 773 602
2886 2887 690
304 299 67
1019 1001 1047
194 174 882
1296 1294 802
2945 2953 555
1068 1056 863
770 790 1046
1602 1605 813
2973 2987 1080
1425 1431 163
1966 1965 931
2518 2517 377
1467 1469 726
2487 2468 314
2976 2977 379
1623 1617 378
2967 2980 791
2190 2210 484
2257 2256 906
415 421 1068
491 489 397
2684 2688 62
2293 2296 246
502 512 1046
457 458 254
2208 2214 456
1502 1482 174
84 81 438
1648 1638 1036
516 506 144
1986 1994 2
2263 2250 266
1078 1082 434
708 717 1184
1546 1526 749
2380 2368 390
98 100 1065
161 149 1001
869 868 461
1588 1581 578
622 629 618
2299 2317 351
129 130 1192
2827 2825 1030
692 693 168
2669 2662 988
992 991 1012
2792 2796 1127
3018 3021 20
1719 1723 697
2970 2979 371
1048 1046 46
822 812 820
2629 2626 507
2974 2958 637
3133 3123 870
278 295 1198
251 266 565
2570 2588 552
558 562 128
2596 2597 1139
320 321 116
982 986 688
934 932 758
2505 2506 825
214 233 790
1457 1461 659
1333 1351 1165
712 719 760
1562 1559 269
671 657 188
563 546 1084
2668 2667 230
1536 1529 344
2844 2853 893
1371 1369 208
1442 1449 1008
1707 1710 984
377 387 518
2786 2783 901
786 777 829
189 192 214
1973 1978 850
1282 1287 66
132 125 816
1854 1852 327
2669 2677 848
2773 2765 957
2557 2548 1011
2992 3012 185
1295 1306 386
1749 1753 535
2959 2956 831
2726 2707 1110
2899 2885 516
265 252 790
789 791 1117
2655 2653 546
1659 1650 216
17 15 1009
1899 1907 40
2016 2027 470
1491 1495 245
2707 2713 459
2900 2914 1181
206 212 1009
2481 2483 317
2644 2633 830
1668 1673 462
718 731 971
1451 1441 517
2906 2903 664
2704 2715 753
896 897 338
2900 2910 304
2382 2388 164
905 902 1094
2168 2173 1038
520 511 259
2455 2462 473
2182 2170 1108
2627 2610 360
760 761 226
237 232 268
2188 2206 482
1481 1483 356
2550 2552 1031
726 724 477
314 310 987
667 682 1081
1076 1075 695
958 954 507
852 850 1148
868 887 917
2294 2296 694
1124 1129 708
871 852 184
705 701 894
3059 3066 706
274 272 67
1709 1705 197
2661 2660 523
2755 2766 153
1270 1280 928
3061 3045 297
164 165 806
2453 2468 760
1074 1071 37
128 126 906
3142 3141 420
1340 1338 732
2551 2533 909
2948 2952 493
268 280 1120
1131 1120 709
3151 3145 217
1983 1989 182
111 110 807
1839 1828 140
2498 2502 1046
194 196 541
804 803 642
625 627 984
2129 2120 428
755 765 157
358 353 251
276 288 905
2749 2766 948
170 166 460
931 934 1071
2134 2154 452
1792 1810 407
1387 1383 129
15 26 210
575 562 343
1636 1631 54
2649 2658 316
2925 2922 732
45 48 130
950 968 723
2661 2672 174
925 911 33
1708 1728 1032
2639 2650 473
1139 1129 947
262 258 660
1296 1308 987
1033 1035 1102
2667 2665 1053
1765 1782 421
1275 1282 292
2141 2135 751
2169 2155 1192
155 139 652
436 435 419
1941 1931 962
2760 2743 1174
2265 2272 210
2959 2965 685
1822 1833 297
1432 1434 997
1428 1424 1
398 410 114
1972 1955 1030
1200 1206 816
2768 2750 1010
2092 2104 1042
1417 1407 1133
1310 1319 1140
1438 1443 523
909 923 803
368 365 160
988 990 129
2923 2908 591
2382 2397 609
2096 2092 810
2829 2830 307
491 480 450
2094 2074 294
2709 2707 829
2735 2730 1050
2993 3013 636
523 504 368
2008 2009 882
1561 1562 188
1500 1504 547
1405 1396 696
2552 2554 936
2343 2345 574
1173 1182 1155
177 184 266
1762 1763 190
185 191 608
2476 2471 639
2638 2639 74
3063 3071 108
961 945 606
2672 2667 411
154 153 512
2283 2284 467
995 985 454
3098 3078 587
701 703 837
2050 2045 998
1746 1752 682
406 390 187
377 391 141
249 238 281
2818 2816 853
1176 1196 76
1101 1110 841
408 403 678
2149 2146 226
1412 1423 1059
620 605 684
521 514 861
1351 1335 983
2324 2338 492
53 42 276
283 299 1187
777 764 654
2649 2657 751
1999 2007 956
2311 2308 751
1755 1735 586
197 178 360
3034 3053 1036
357 361 214
1112 1116 169
748 744 224
256 244 807
1888 1900 237
572 575 120
764 768 1008
2893 2912 724
1111 1105 90
2316 2315 1113
1246 1229 782
3079 3084 645
343 332 766
28 23 983
1816 1834 406
3094 3098 655
2179 2196 492
2292 2288 473
466 450 152
2775 2776 110
845 826 1036
2803 2807 466
1366 1365 572
2948 2949 1074
2073 2084 715
1905 1923 512
950 937 2
47 48 1046
1824 1820 199
2469 2474 557
2606 2619 317
2826 2819 748
2349 2336 660
9 5 600
2684 2685 303
2378 2395 868
518 522 369
157 148 947
1527 1522 410
1135 1127 1147
582 599 1047
1874 1872 1089
855 850 736
2228 2237 536
2602 2592 1025
156 151 796
226 239 93
2337 2346 952
1864 1861 299
1588 1577 337
2414 2423 130
1292 1307 287
1558 1562 563
1166 1165 429
2282 2273 672
1460 1463 435
1178 1173 585
95 94 746
1556 1551 437
1925 1911 784
876 885 300
2910 2909 139
2642 2628 33
1197 1215 772
2463 2462 135
2174 2162 496
979 980 366
189 179 626
3025 3024 185
1092 1096 419
1375 1366 593
2558 2561 728
1117 1107 54
1928 1938 199
2732 2752 401
2290 2289 855
521 513 1192
1224 1223 565
682 665 399
1531 1543 1041
1417 1416 537
1892 1907 1103
3089 3095 1061
1265 1246 768
861 866 582
2836 2816 690
237 242 429
2940 2924 189
1647 1648 615
1511 1510 980
1028 1030 262
214 211 208
120 100 454
1103 1115 985
1673 1653 616
2572 2576 1080
2908 2904 680
2079 2067 1002
668 670 919
1299 1304 1122
1065 1064 851
2036 2042 1158
2328 2325 755
3122 3130 350
1881 1899 761
2851 2839 218
1312 1326 973
2030 2026 60
1073 1076 1011
3142 3124 1117
14 12 958
1329 1328 572
1306 1308 307
1415 1411 762
1330 1320 365
927 912 65
2421 2412 87
3081 3082 858
2823 2821 1067
1426 1418 1004
1842 1839 218
2306 2289 412
1251 1248 850
2411 2421 35
1969 1966 239
1794 1789 239
1645 1654 410
1379 1364 1095
2555 2556 363
1900 1899 237
2830 2833 292
339 347 28
1154 1134 819
1097 1108 744
391 374 1089
2812 2801 274
519 509 40
1052 1049 1091
2135 2138 784
1848 1851 572
3 4 824
2902 2898 701
369 389 257
1790 1807 113
2843 2854 237
1136 1130 439
2582 2583 730
2744 2762 803
68 57 684
79 76 556
2432 2452 110
1001 1015 615
1785 1774 420
1692 1697 789
2842 2839 201
394 395 220
2666 2671 179
2844 2842 1180
1293 1300 470
1997 2004 563
2132 2122 483
953 952 490
711 710 373
1590 1574 1192
2622 2628 453
181 183 685
2680 2682 765
165 169 242
384 385 405
3149 3145 840
1208 1205 468
45 41 85
2944 2947 1087
3 2 967
357 362 261
424 426 664
2614 2613 964
1163 1169 1106
2865 2863 618
1175 1195 389
142 131 444
2875 2880 1082
2546 2543 1179
3074 3054 143
80 87 436
747 756 397
2203 2197 346
1396 1403 366
1243 1245 169
1535 1524 872
1980 1962 71
452 447 858
1348 1344 282
2142 2152 1187
1920 1906 45
826 827 383
686 704 857
2822 2840 327
1897 1914 487
1929 1915 759
3061 3047 501
1376 1394 1198
537 535 764
64 59 636
1373 1382 1039
125 124 1031
2623 2624 156
2197 2185 315
217 233 238
1942 1932 760
1871 1872 388
1748 1745 197
231 230 248
1842 1850 723
2278 2281 1060
1684 1672 1099
1236 1237 222
1948 1947 82
911 909 516
2181 2186 206
1481 1479 935
677 689 1006
2346 2352 844
2204 2193 130
2394 2403 186
1234 1233 1041
3018 3024 939
2112 2114 651
1801 1821 1089
1014 1010 319
2758 2760 630
1893 1892 167
1484 1493 264
1190 1197 365
2982 2970 783
265 262 38
534 532 708
836 842 650
3028 3033 226
1006 995 625
2538 2521 35
1473 1490 1081
949 939 619
979 998 251
2732 2735 423
2736 2730 1123
2295 2314 261
607 604 873
2961 2965 1189
935 931 294
2859 2866 652
739 735 735
811 805 736
1822 1816 546
996 1003 945
1988 1990 886
2901 2902 947
2107 2105 358
1490 1486 877
2911 2894 300
3042 3050 368
1547 1544 627
1407 1409 358
1943 1961 103
2373 2372 942
143 129 1084
2093 2098 934
2393 2374 1071
222 202 862
2621 2640 1083
900 909 861
768 782 554
1412 1402 294
2722 2728 160
1681 1664 433
195 215 432
1737 1735 272
2723 2743 88
2146 2144 445
1718 1702 515
2846 2845 886
14 25 550
1921 1941 282
2929 2932 608
1898 1884 1112
118 117 770
1450 1437 247
328 347 602
3154 3159 520
784 774 540
2143 2137 832
1470 1460 867
1951 1943 1076
2919 2939 891
480 483 725
2636 2642 745
1983 1975 588
1871 1879 1046
110 116 288
924 944 636
699 703 298
1995 1996 663
1521 1518 891
778 776 113
376 381 270
640 630 696
1558 1538 32
433 439 385
2880 2900 1094
1240 1243 247
1905 1921 140
2956 2975 191
346 350 251
2486 2488 722
1713 1698 551
314 328 402
1086 1075 668
1237 1235 507
2646 2627 370
212 215 781
3014 3007 40
2076 2077 136
3141 3139 784
2974 2989 916
2967 2969 1149
2692 2696 136
1937 1944 348
2974 2976 840
334 337 18
1824 1806 1012
1920 1909 1019
339 341 267
1551 1555 682
846 828 57
1270 1267 657
2950 2952 1169
2788 2798 899
66 63 681
3059 3065 832
2938 2934 1147
919 918 97
1184 1202 562
1756 1746 132
2934 2931 934
2936 2953 26
2996 2998 1154
2478 2467 394
2578 2576 935
3090 3070 310
1833 1819 183
1291 1282 137
1837 1843 238
3030 3012 334
1250 1248 89
1739 1719 686
2652 2654 244
1401 1404 461
2948 2944 27
397 400 1065
3034 3022 719
530 526 637
2071 2089 68
1271 1272 79
3068 3056 212
477 478 317
2211 2212 1033
2818 2836 798
677 675 1170
144 130 388
903 921 737
1937 1943 206
961 964 682
1308 1297 1007
2769 2759 83
8 20 1138
1227 1207 78
1168 1188 141
1101 1099 992
638 641 681
2547 2538 1042
2232 2241 114
18 14 850
3133 3136 256
878 882 822
2780 2783 330
339 329 739
3108 3109 1134
3053 3058 692
2575 2593 201
2119 2117 278
1380 1382 175
2342 2326 502
2387 2389 731
827 846 191
2439 2430 1141
2159 2158 461
2901 2891 268
1280 1269 518
640 624 987
787 783 812
830 828 416
730 713 1149
1053 1054 630
868 864 718
588 582 1160
1434 1442 153
2758 2771 356
463 461 179
1887 1901 268
3106 3116 148
758 767 103
2870 2877 224
1867 1873 438
1825 1817 29
40 29 1038
2755 2751 982
2603 2600 403
393 375 815
2227 2225 736
608 610 573
559 555 642
1901 1903 3
1024 1044 1050
2865 2845 83
2719 2722 426
814 828 351
2702 2709 594
2860 2878 951
2210 2207 620
1579 1593 961
2121 2126 376
975 973 1047
761 754 757
1488 1490 1152
2417 2408 232
471 468 312
207 204 96
2972 2973 860
2477 2486 697
2515 2496 818
2362 2377 937
1771 1768 681
1074 1082 222
2569 2588 744
2446 2442 684
2896 2881 539
1359 1347 943
2600 2604 559
1090 1104 426
777 776 181
1892 1883 396
3153 3154 106
2337 2354 302
3114 3134 817
540 543 734
1722 1721 307
1548 1546 320
290 285 1124
270 273 985
1509 1514 317
2367 2371 680
47 54 387
2442 2443 388
3122 3124 816
1491 1498 915
231 223 1106
2420 2410 150
2328 2309 715
190 199 240
2019 2037 739
451 450 897
134 140 294
1651 1655 1024
561 557 1001
214 217 1066
1338 1329 194
998 1003 1092
1135 1128 530
795 800 149
598 590 619
1129 1132 339
363 368 979
2253 2270 693
2699 2704 468
279 288 699
2855 2850 292
467 459 715
1489 1472 1126
2200 2205 371
892 890 42
1098 1103 929
356 355 1017
1128 1127 123
3153 3160 1158
1583 1591 828
2775 2779 929
2947 2932 981
3108 3107 935
3032 3033 493
1451 1457 544
2406 2418 277
2086 2087 326
876 877 703
2266 2286 603
301 287 603
2410 2427 304
774 777 1090
80 86 319
37 33 986
705 710 118
1328 1334 162
1122 1127 120
2108 2102 240
854 857 525
38 24 170
264 262 646
3065 3070 491
2109 2113 352
127 120 685
2532 2536 948
241 244 861
1193 1189 1053
611 613 464
2792 2806 1007
687 688 481
3108 3114 828
1808 1807 725
108 87 273
1546 1549 1101
37 52 244
593 578 1103
612 603 1078
678 686 1017
3089 3082 549
235 239 150
1001 1008 700
374 377 165
3 1 617
2456 2454 881
1749 1748 302
1831 1830 51
2071 2076 8
1277 1266 48
45 58 817
2053 2052 591
2199 2183 588
2308 2313 1125
1083 1067 1113
1685 1680 18
2916 2913 24
1719 1722 1073
303 289 166
1787 1778 29
514 516 315
1903 1906 859
1047 1046 186
2386 2385 369
147 155 492
1051 1061 913
2954 2972 559
53 38 174
2531 2513 711
3040 3041 525
428 426 656
2445 2451 354
1995 1990 182
1772 1790 706
1835 1825 249
477 479 406
503 507 1083
1865 1857 427
1874 1854 309
2319 2332 865
2951 2954 1129
1067 1069 697
1582 1572 603
2020 2039 740
1263 1264 45
1597 1587 713
235 250 502
1246 1245 33
2785 2786 729
1268 1252 560
1224 1242 1078
2987 2988 960
400 385 505
2025 2041 689
1018 1023 594
1051 1058 657
1051 1057 44
736 737 527
228 231 1008
2269 2266 348
1128 1122 542
1239 1242 985
2136 2156 384
1015 996 718
866 883 138
135 119 502
577 578 60
1819 1813 783
1479 1480 655
900 905 132
1615 1614 298
1284 1278 63
2999 3008 1054
2982 2966 915
708 713 1083
2874 2873 1161
1912 1927 299
2342 2331 339
1915 1902 304
1885 1869 20
257 268 732
1274 1272 1171
1025 1032 1188
2854 2861 751
1012 1015 263
2365 2378 750
3026 3030 976
438 434 987
789 795 121
2444 2449 40
1532 1527 364
1134 1127 1152
580 584 818
2989 2990 765
1035 1042 162
71 70 815
2557 2566 809
1172 1188 1044
740 736 1008
1501 1520 1033
1865 1871 222
1142 1128 195
2918 2917 688
2624 2609 1146
901 908 1028
999 996 346
2236 2226 1184
1891 1894 411
40 35 84
804 807 373
1622 1641 163
3080 3081 307
2381 2384 934
400 381 1155
2929 2927 897
1256 1255 945
86 88 142
2135 2121 437
585 597 708
1714 1711 224
2013 2033 560
2122 2116 623
1022 1023 855
422 440 631
3091 3087 296
1740 1739 988
1043 1035 13
1145 1152 1067
2117 2107 265
3030 3029 800
56 50 842
2004 2000 267
1332 1339 1155
3000 3001 131
630 628 683
1401 1396 334
1812 1819 190
309 327 229
3102 3096 207
845 863 605
696 706 631
917 918 1156
3027 3038 1194
1497 1486 181
29 30 1011
2476 2475 232
1079 1092 979
538 540 221
2085 2078 499
141 138 576
2610 2606 478
1206 1209 259
616 628 738
2433 2431 441
1875 1856 278
3081 3077 508
140 126 895
1038 1043 1008
134 117 127
58 65 535
1527 1523 1090
676 685 269
1474 1490 278
1741 1739 217
1330 1333 876
1118 1114 265
47 52 870
589 596 63
423 438 397
1497 1496 177
972 966 108
1444 1445 408
2866 2867 215
3005 2987 117
3038 3037 1106
2495 2475 974
903 894 905
2293 2292 1032
1235 1236 40
3109 3100 1166
1806 1814 301
2103 2088 111
1767 1783 333
26 32 545
717 711 20
1194 1196 475
550 558 430
916 898 359
1627 1636 453
2270 2252 1000
645 635 217
51 53 341
548 551 74
895 915 1130
284 270 979
420 436 70
2895 2896 455
2766 2774 958
551 543 1063
1095 1097 316
120 136 638
831 838 1189
721 718 416
2464 2477 143
1694 1686 274
765 756 1193
685 703 935
3101 3098 364
1612 1618 1064
3066 3071 105
1730 1736 968
1350 1346 501
880 884 1051
2998 3009 441
3050 3052 487
2138 2157 782
2022 2013 107
2034 2035 70
2066 2064 67
2997 3001 601
782 779 958
2101 2104 360
594 613 1185
3040 3044 979
1866 1870 947
947 952 67
1442 1436 818
3008 3007 251
1273 1267 822
856 852 212
1550 1549 17
1512 1522 807
1388 1378 861
2826 2820 1094
1883 1882 794
2807 2809 417
959 956 898
1158 1153 1157
1747 1755 1192
2139 2122 54
1579 1577 827
790 783 315
2925 2915 564
1524 1532 585
249 260 847
2966 2948 16
57 54 684
1370 1367 342
2523 2521 272
2334 2320 819
1733 1738 605
919 900 507
1478 1482 450
1677 1681 910
1452 1462 93
1146 1150 118
203 221 368
1120 1124 683
943 944 233
2687 2697 183
3042 3045 215
2002 2004 1005
1807 1826 4
1553 1554 197
2516 2498 182
1525 1530 1020
2917 2912 1023
268 269 866
623 624 698
639 640 243
2205 2224 20
355 348 1045
1072 1073 361
1198 1197 813
1881 1898 163
1614 1617 779
834 830 756
2376 2367 188
2896 2890 1132
2574 2578 1034
2058 2061 508
924 920 177
1298 1304 1154
3127 3117 231
673 684 395
2240 2238 1097
1416 1414 657
2996 3000 1101
652 647 560
1121 1118 881
2177 2178 1058
1736 1734 212
1019 1022 634
1877 1878 204
2173 2157 42
1001 993 161
2711 2706 905
1894 1893 695
333 336 235
2345 2332 812
1276 1277 439
681 672 484
2631 2644 1160
27 36 307
1502 1520 741
129 131 1188
2474 2477 636
2770 2784 477
2573 2583 116
619 601 116
1404 1397 788
246 249 613
109 110 1162
68 61 597
1411 1412 285
2133 2126 249
1976 1977 342
161 159 1014
2797 2781 242
651 648 329
2100 2110 1189
3161 3141 735
1564 1558 854
535 546 1098
1379 1371 1138
1360 1355 415
49 53 1192
462 461 489
332 318 934
2858 2852 1181
1802 1797 774
162 172 44
1653 1652 260
2868 2849 750
321 322 1130
570 571 235
2644 2637 387
3051 3062 1200
1112 1109 385
1160 1167 12
1335 1339 561
1439 1449 523
2181 2196 809
2931 2936 434
1958 1956 876
1940 1944 2
1327 1323 342
3147 3146 27
441 446 840
2105 2108 812
2344 2350 772
2007 2010 945
2360 2355 1101
775 773 235
908 891 112
859 857 478
1090 1088 149
2069 2066 997
1034 1037 514
2598 2586 238
2605 2604 385
2169 2163 32
1908 1904 494
898 880 311
3119 3136 650
141 124 1093
2034 2014 617
2289 2287 303
2541 2548 441
2690 2705 293
1113 1114 517
2734 2728 18
358 359 164
760 753 111
2493 2504 565
19 23 241
254 241 622
1347 1361 189
2569 2567 480
323 325 91
986 990 840
1477 1480 319
2452 2433 948
421 418 606
1530 1550 895
926 919 715
2197 2184 148
2793 2806 86
1155 1157 191
2300 2317 27
1139 1131 684
118 124 716
1712 1715 200
1545 1548 1084
56 55 499
2857 2864 934
2195 2177 615
1613 1595 194
3161 3156 1075
1534 1540 309
2909 2913 497
1088 1074 1083
2725 2719 1009
2183 2180 1071
2990 2976 1115
2861 2872 828
2532 2534 10
1140 1121 1109
2418 2420 37
1279 1293 155
1709 1728 643
2768 2781 929
505 517 963
596 585 473
845 848 382
2860 2859 748
2096 2093 957
897 905 958
300 286 688
809 808 351
1687 1674 44
460 461 622
771 769 1069
3070 3075 120
1132 1139 548
698 692 1074
105 108 107
1212 1210 1135
2933 2947 807
2000 2008 917
1262 1264 336
2533 2534 205
1793 1800 881
2216 2214 630
344 335 454
42 46 585
903 908 309
1056 1050 994
892 909 612
1831 1834 313
927 925 1060
2626 2614 158
511 507 281
1361 1368 500
2837 2820 44
2738 2737 1146
2442 2447 638
183 193 740
2100 2098 335
602 600 581
3126 3112 131
2926 2917 959
373 371 127
843 856 615
2860 2872 867
2500 2498 805
1354 1357 844
2152 2150 493
2495 2499 63
435 433 85
2024 2028 226
1568 1569 566
1337 1334 1036
738 735 732
174 157 71
1703 1696 93
2359 2365 1198
587 581 787
801 794 668
2960 2968 878
2857 2847 653
666 684 356
2452 2440 255
1613 1607 305
3067 3057 797
68 89 566
409 410 1150
3144 3132 781
252 245 183
2357 2361 340
2824 2821 662
611 616 504
549 541 303
1576 1588 775
883 881 104
1995 1984 982
3128 3115 508
2116 2126 1000
767 770 744
365 360 863
1226 1220 179
2266 2268 64
1102 1105 308
937 934 51
819 817 44
651 638 637
920 923 1077
2349 2347 953
287 294 60
1317 1297 748
3138 3146 581
2401 2392 927
501 499 1078
2006 2014 326
488 489 452
690 677 275
2787 2801 336
12 16 840
963 965 74
930 934 833
1118 1115 654
2838 2842 227
133 113 132
778 763 1092
146 153 698
637 638 145
2680 2681 107
2629 2635 31
1010 1000 712
162 160 370
1922 1923 356
2156 2158 1046
2285 2276 414
2846 2855 146
2953 2969 170
1957 1960 150
2201 2202 312
9 17 685
2541 2542 960
2651 2654 429
1838 1840 41
2302 2297 693
2925 2921 468
320 317 458
2955 2954 915
1833 1824 206
1518 1515 266
688 691 764
2128 2133 701
614 619 746
2387 2391 92
2372 2392 16
459 472 1031
2055 2054 45
2647 2636 922
1960 1980 980
1841 1843 797
2468 2467 155
1198 1179 194
1591 1596 340
3162 3155 1011
2138 2120 814
821 816 241
1240 1242 382
1543 1537 1188
1342 1346 194
2466 2464 437
1827 1836 1085
1540 1555 122
2007 2019 667
67 73 107
813 808 1067
2776 2767 411
2026 2043 1167
1183 1176 670
702 708 999
791 796 850
615 599 711
2894 2887 531
2033 2030 63
3130 3134 620
721 706 1004
121 122 809
3067 3068 545
2742 2753 722
2143 2148 520
508 501 659
3093 3094 780
730 715 283
709 701 659
613 603 1019
1836 1846 249
2274 2277 732
1740 1743 707
1073 1086 614
1634 1636 858
45 35 1134
1126 1135 176
2652 2653 647
2993 2996 1199
3121 3137 1160
1845 1839 792
1955 1963 647
2538 2554 306

119637


